RigidBody,RigidBody,RigidBody,RigidBody,RigidBody,RigidBody,RigidBody,RigidBody,RigidBody,RigidBody,RigidBody,RigidBody,RigidBody,RigidBody,RigidBody,RigidBody,RigidBody,RigidBody,Marker,Marker,Marker,Marker,Marker,Marker,Marker,Marker,Marker,Marker,Marker,Marker,Marker,Marker,Marker,Marker,Marker,Marker,Marker,Marker,Marker,Marker,Marker,Marker,Marker,Marker,Marker
FPS,120.0,0.0,0.0,0.0,0.0,0.0,0.0,0.0,0.0,0.0,0.0,0.0,0.0,0.0,0.0,0.0,0.0,0.0,0.0,0.0,0.0,0.0,0.0,0.0,0.0,0.0,0.0,0.0,0.0,0.0,0.0,0.0,0.0,0.0,0.0,0.0,0.0,0.0,0.0,0.0,0.0,0.0,0.0,0.0
chisel_X,chisel_Y,chisel_Z,chisel_x,chisel_y,chisel_z,gripper_X,gripper_Y,gripper_Z,gripper_x,gripper_y,gripper_z,battery_X,battery_Y,battery_Z,battery_x,battery_y,battery_z,C2_X,C2_Y,C2_Z,C3_X,C3_Y,C3_Z,B2_X,B2_Y,B2_Z,A2_X,A2_Y,A2_Z,B3_X,B3_Y,B3_Z,A1_X,A1_Y,A1_Z,C1_X,C1_Y,C1_Z,B1_X,B1_Y,B1_Z,A3_X,A3_Y,A3_Z
0.0742181072369218,-0.11500564706200359,0.2654658366455436,2.305621761306318,0.9185012333363975,-2.4455454942038024,0.09683512801969049,-0.27786016442430017,0.3515509830617905,-1.906300068508332,0.7556076100859741,2.0165005024587312,0.30042,0.038682,0.137896,-0.0006401977512507614,0.0004136939371890425,0.000956132350160334,0.298664,-0.10788,0.132135,0.225669,-0.107832,0.133228,0.299131,0.039264,0.124328,0.298354,0.197771,0.129521,0.22323,0.038914,0.125424,0.380925,0.197578,0.130646,0.378017,-0.107465,0.13399,0.380605,0.039086,0.123774,0.218723,0.195954,0.127926
0.07392872216403484,-0.11451458881464599,0.265387615727514,2.3100360279476986,0.9175228237979638,-2.445805775765808,0.09673830664861202,-0.2782634624555707,0.3516162508969307,-1.9095292010688134,0.7561471617143911,2.016490017604637,0.300315,0.038677,0.137869,-0.0005501000535380326,0.00019972438409540858,0.0010020548503644382,0.29856,-0.107907,0.132133,0.225569,-0.107827,0.133219,0.299025,0.039284,0.124327,0.298278,0.197755,0.129523,0.223147,0.038899,0.125401,0.380853,0.197561,0.130642,0.377916,-0.107449,0.134005,0.380508,0.039096,0.123795,0.218639,0.195936,0.127929
0.07384046909213066,-0.11414817564398047,0.26519616959381104,2.313131295088702,0.9179876268927385,-2.4468424079436932,0.09675429767826199,-0.27831026208353044,0.3515100019359589,-1.9081590904772583,0.7566411110712851,2.0174351523094503,0.300322,0.038636,0.137874,-0.0006681003917694904,0.00017962651134270074,0.0011180598878224627,0.298539,-0.107902,0.132124,0.225613,-0.10786,0.133251,0.299074,0.039234,0.124359,0.298268,0.197757,0.129499,0.223139,0.038896,0.125395,0.380847,0.197574,0.130625,0.377955,-0.107488,0.134025,0.380547,0.039054,0.123795,0.218617,0.195944,0.127917
0.07386234485358001,-0.11380775368148086,0.2649652577162087,2.3161876139196442,0.9187927845426327,-2.453019320091799,0.09680575903716682,-0.27846574318721895,0.3513761014995575,-1.9099340107184257,0.7564410931872778,2.016107694889259,0.300378,0.038661,0.137911,-0.0007782158024138579,0.00043161082004893113,0.0010001678598580896,0.29859,-0.107883,0.132131,0.225656,-0.10784,0.133253,0.299121,0.039252,0.124352,0.298316,0.197783,0.129505,0.223179,0.038916,0.125385,0.380888,0.197593,0.130625,0.37799,-0.107479,0.134022,0.380583,0.039071,0.123786,0.218664,0.195965,0.127906
0.0734952487424016,-0.11374668843260405,0.2649535740854144,2.3163801084520674,0.9191192789466691,-2.45186303329656,0.0968298018440604,-0.2784943283368051,0.351140611009121,-1.91244341938202,0.7564232134847796,2.0169363728218075,0.300364,0.038697,0.137852,-0.0005700991913083537,0.00018168871057307358,0.0010920516817808246,0.2986,-0.107853,0.132126,0.225634,-0.107803,0.133223,0.299093,0.039299,0.124333,0.298311,0.197804,0.129508,0.223185,0.038946,0.125387,0.380884,0.197617,0.130634,0.37798,-0.107425,0.133991,0.380575,0.039121,0.123769,0.218665,0.195991,0.127915
0.07345833079069852,-0.1132736224310994,0.264914469450742,2.3180136904567936,0.9201115486361859,-2.45790793213444,0.09687794997164606,-0.27823914138907196,0.35115243082857134,-1.9118001346110294,0.7575104438791128,2.016254108387508,0.300341,0.038701,0.137895,-0.0004841353151445804,0.00025774581242883805,0.0010500622954578937,0.298605,-0.107868,0.132166,0.225596,-0.107796,0.13324,0.299045,0.039311,0.124351,0.298301,0.197778,0.129553,0.223188,0.038927,0.125441,0.38087,0.197587,0.130665,0.377941,-0.107425,0.134016,0.380537,0.039117,0.123809,0.218655,0.195965,0.127956
0.07337466121166941,-0.11262991190025207,0.2646219127334952,2.315665182260636,0.9205466792948391,-2.459064780688446,0.09684684310552477,-0.2785669493567944,0.3510863433709145,-1.9122206432498234,0.7574433498439808,2.0154183157325383,0.300379,0.038691,0.137894,-0.0006461721464161126,0.0003877130542397144,0.0008881252063419044,0.298627,-0.107902,0.132147,0.225622,-0.107823,0.133227,0.299068,0.039296,0.124344,0.29833,0.197756,0.129547,0.223205,0.038891,0.125425,0.380901,0.197561,0.130644,0.377963,-0.107448,0.133997,0.380559,0.039103,0.123796,0.218695,0.195928,0.127933
0.07300831512659789,-0.11277133528813718,0.26439570692452785,2.3208509250436347,0.9206612695580194,-2.465628744626958,0.0967909307641685,-0.2787816275151968,0.3509421760840416,-1.9157600177393703,0.7577871277601956,2.0172509184446454,0.300375,0.03863,0.137777,-0.0008018973845830113,-0.00019841454841793048,0.001033920353816162,0.298599,-0.107908,0.132162,0.225629,-0.107839,0.133265,0.299089,0.039255,0.124376,0.298305,0.197754,0.129545,0.223184,0.038885,0.125437,0.380874,0.197567,0.130657,0.377973,-0.107474,0.134039,0.380568,0.039068,0.123815,0.218662,0.195929,0.127945
0.07223587157279254,-0.11297033386275168,0.26474044974941013,2.3170594568602683,0.9207966500478248,-2.4653525465665567,0.09718006665691734,-0.2775836307396293,0.3510868610272408,-1.905920302484319,0.757533380467166,2.0128637559242026,0.300397,0.038592,0.13781,-0.0008919183707666393,-0.00015247714573720807,0.001069931899324759,0.298614,-0.107926,0.132187,0.22566,-0.107891,0.133295,0.29913,0.039205,0.124407,0.298318,0.197731,0.129555,0.223203,0.038862,0.125445,0.380893,0.197549,0.130659,0.378009,-0.10752,0.134075,0.380595,0.039019,0.123843,0.218671,0.195911,0.127948
0.07223107973933218,-0.11293220330798623,0.2647260403263867,2.318020806013439,0.9208506265516909,-2.4650561251905465,0.09727873843643067,-0.2776606474502087,0.3508901084852219,-1.9074356287258043,0.7576363242088222,2.008761556759687,0.30038,0.038585,0.137751,-0.0007897256561273232,-0.00045048086506958385,0.0012178219712617251,0.298595,-0.107925,0.132166,0.225667,-0.10789,0.133306,0.299139,0.039196,0.124391,0.298312,0.197739,0.129554,0.22319,0.038876,0.125441,0.380885,0.197561,0.130643,0.378009,-0.107524,0.134067,0.380593,0.039023,0.123835,0.218663,0.195918,0.127941
0.07193181932270526,-0.11307939288550611,0.26468108805197477,2.3196064516365498,0.9209373989060072,-2.4628133969400885,0.09727004901844263,-0.27806247147744895,0.3507284702973366,-1.9081979641647557,0.7579132789944883,2.009968063898717,0.300325,0.038635,0.137791,-0.0007119019538890986,-0.00016641928879605107,0.001177940626664648,0.298561,-0.107897,0.132139,0.225602,-0.107841,0.133267,0.299072,0.039251,0.124357,0.29827,0.197772,0.129528,0.223153,0.038901,0.12541,0.380851,0.197577,0.130643,0.377947,-0.107473,0.134046,0.380543,0.039067,0.123803,0.218624,0.195947,0.127936
0.07203819802552458,-0.11300083397108313,0.264621877787441,2.320752805262517,0.9214156717250741,-2.468149356214118,0.09737614743721484,-0.2780840551078916,0.35060410336494446,-1.9097977659194565,0.7577437830268667,2.0091835721369957,0.300391,0.038746,0.137846,-0.0006160861520073458,0.00022976894487497523,0.0007500707435788524,0.298614,-0.107881,0.132116,0.22561,-0.107804,0.133194,0.299069,0.039328,0.124321,0.298327,0.19778,0.129508,0.223203,0.038912,0.125382,0.380902,0.197596,0.130631,0.377952,-0.107414,0.133967,0.380552,0.039131,0.123768,0.218697,0.195961,0.127913
0.0718303991258144,-0.11271881093668934,0.26453636479276416,2.319247303277418,0.9204457539693462,-2.4664704465127234,0.09731725943905115,-0.27787195645654206,0.35061260155630114,-1.9070196055124908,0.7584696267070703,2.0076396773715643,0.300369,0.038673,0.137728,-0.0006417866455988815,-0.00038235807291674704,0.0011158771880143902,0.298618,-0.107865,0.132168,0.22564,-0.107796,0.133247,0.299104,0.039294,0.124358,0.298327,0.197804,0.12954,0.223207,0.038929,0.125427,0.380898,0.197611,0.130653,0.377979,-0.107439,0.13401,0.380579,0.039116,0.123794,0.218685,0.195987,0.127951
0.07187652573138475,-0.11243596416091917,0.2646415873620212,2.3196345393601527,0.9223900793888993,-2.469103971612034,0.09722608931535481,-0.2780665776315332,0.3506093877732754,-1.9076417714051774,0.7590412353778452,2.0099336136638346,0.300405,0.038658,0.137711,-0.0007217869684234056,-0.0003804041465725692,0.0011198625975372075,0.298637,-0.10789,0.13211,0.225664,-0.107829,0.13323,0.299144,0.039269,0.124338,0.298353,0.197783,0.129496,0.223228,0.038908,0.125378,0.380924,0.197593,0.130615,0.378013,-0.107458,0.133997,0.380611,0.03909,0.123767,0.218703,0.195958,0.127901
0.07148251201659439,-0.11210377961218354,0.26441413514378664,2.317126492893933,0.9228511734291587,-2.4688850729458585,0.0970683795045614,-0.2782848091925085,0.3504989975616932,-1.9054629759780395,0.7590620047292319,2.010370607404135,0.300392,0.038606,0.137775,-0.000923925385859006,-0.00014647024653232447,0.0010179322482907383,0.298612,-0.107939,0.132123,0.225645,-0.107873,0.133256,0.299119,0.039211,0.124369,0.298315,0.19772,0.129523,0.2232,0.038856,0.125402,0.380892,0.197538,0.130624,0.377979,-0.107494,0.134036,0.380584,0.039033,0.123804,0.21868,0.195895,0.127912
0.07117820975780487,-0.11243318945312497,0.264353620226562,2.3166145473184034,0.9244352325272474,-2.474899075051558,0.09726599812430142,-0.2781218527826667,0.3506292959728241,-1.9098586929488994,0.7593481702707304,2.0111232701444974,0.300364,0.038579,0.137731,-0.0008237796813861163,-0.00038447195580375347,0.0011458415144748135,0.298588,-0.107952,0.132113,0.225635,-0.107895,0.133251,0.299104,0.039182,0.124371,0.298304,0.1977,0.129518,0.223183,0.038839,0.125395,0.380871,0.19751,0.130624,0.377972,-0.107527,0.134035,0.38058,0.039011,0.123803,0.218668,0.195884,0.127922
0.07094207653850315,-0.1124257324259281,0.26406763336750866,2.3177680165010157,0.9247247339928295,-2.4702462144381,0.0975266056473851,-0.2793190335917175,0.3506580906059742,-1.909653484733168,0.7592408017542136,2.0124331279881735,0.300417,0.038636,0.137713,-0.0008418444101606607,-0.00035037371326669594,0.0008878524615615417,0.298613,-0.107941,0.13211,0.225653,-0.107879,0.133234,0.299123,0.039215,0.124357,0.298337,0.197719,0.129501,0.223207,0.038857,0.125386,0.380904,0.197537,0.130623,0.377986,-0.107506,0.13401,0.380597,0.039029,0.123787,0.218697,0.195897,0.127898
0.07091724234074354,-0.11263678363752364,0.2640454892178178,2.320197042838167,0.9241950224440385,-2.4658173083197203,0.09722941504943369,-0.2799279815067053,0.35071701715111736,-1.9116007200698768,0.7591783130969978,2.0115037205645017,0.300349,0.038697,0.137868,-0.0005740805259951314,0.00015369916883171847,0.0010480440219326095,0.298591,-0.107865,0.132151,0.22562,-0.107807,0.133242,0.299091,0.03929,0.124364,0.298317,0.197791,0.129531,0.223185,0.038932,0.125428,0.380882,0.197601,0.130646,0.377964,-0.107437,0.134005,0.380562,0.039099,0.123793,0.218663,0.195977,0.127943
0.07110079039633271,-0.1125119651415944,0.2636613854871988,2.3195866029785375,0.9246609968191866,-2.467703507006108,0.09696791983041167,-0.2793414331886769,0.3507464804236889,-1.9111404032799437,0.7588427526198099,2.0119339740414555,0.300305,0.038745,0.137938,-0.0004922124718697743,0.0004117459876143009,0.0010321012416666011,0.298564,-0.107839,0.132175,0.22558,-0.107766,0.133241,0.299044,0.039342,0.124361,0.298289,0.197836,0.129546,0.223165,0.038957,0.125444,0.380857,0.197634,0.130664,0.377929,-0.107396,0.134005,0.38053,0.039143,0.1238,0.218633,0.196011,0.127968
0.07099716178923843,-0.11276784522598979,0.2633709954253137,2.325675646952595,0.9252507364871052,-2.4716247704521166,0.09710321219307183,-0.2800462703301311,0.3503853072910309,-1.9141432087463894,0.7586830995187152,2.0095849922651885,0.300304,0.03872,0.137899,-0.0005221018703030401,0.00020173632412016416,0.0010100525775990367,0.298554,-0.107846,0.132183,0.225564,-0.107782,0.133252,0.299026,0.039334,0.124363,0.298278,0.197802,0.129556,0.223154,0.038935,0.125452,0.380851,0.197604,0.130671,0.377919,-0.107408,0.134023,0.38051,0.039125,0.123818,0.218623,0.195986,0.127966
0.07080948859006164,-0.112496422442466,0.2632558947713971,2.3223691601300995,0.9250424437940667,-2.4690395566067607,0.09699882665237783,-0.279754417532146,0.35033427500486375,-1.9124781814294936,0.7580907214965535,2.010523386706656,0.30032,0.038666,0.137929,-0.000722172966879253,0.0003776691910477344,0.0009161363071997136,0.298557,-0.107898,0.132166,0.225579,-0.10784,0.133273,0.299052,0.039262,0.124387,0.298279,0.197742,0.12954,0.223148,0.038891,0.125444,0.380846,0.197553,0.130664,0.377921,-0.107463,0.134034,0.380526,0.039068,0.123829,0.21863,0.19593,0.127966
0.07105770556330682,-0.11205812699800727,0.2629753478481173,2.3234664538655068,0.9257507755997743,-2.4740487595313665,0.09692503536465763,-0.2801712448146939,0.35036550693655016,-1.9131837014790258,0.758803742359814,2.0139377045507496,0.300361,0.038612,0.137769,-0.0008599214982224892,-0.00015443681128830185,0.0010159335108310432,0.298576,-0.107923,0.132116,0.225632,-0.107873,0.133265,0.299095,0.039218,0.124361,0.298295,0.197729,0.129505,0.223174,0.038871,0.125399,0.380862,0.197551,0.13063,0.377968,-0.107498,0.134023,0.380561,0.03904,0.1238,0.218646,0.195919,0.127918
0.07059327273070809,-0.11143902032142874,0.26254332142847775,2.3243045915378078,0.9262420301096443,-2.474245936858555,0.09690756900936365,-0.28032656798937916,0.3501402832965851,-1.9127280570073015,0.7577800842410297,2.0149614756612735,0.30042,0.038605,0.13777,-0.0009479534695891916,-8.849765566871948e-05,0.0010499579576982265,0.298646,-0.107931,0.132113,0.22569,-0.107878,0.133265,0.299152,0.039215,0.124363,0.298347,0.197729,0.129498,0.223222,0.038867,0.125393,0.38092,0.197555,0.130624,0.378022,-0.1075,0.134023,0.380615,0.039037,0.123781,0.218706,0.195913,0.127915
0.0708436981141567,-0.11110484145146604,0.2620168940677047,2.3267575860657663,0.9271759309938956,-2.4808477258873727,0.09706097787082194,-0.2805742533094585,0.3502324692606926,-1.9148956388707383,0.7585115266159549,2.0149607267431238,0.30042,0.038633,0.137689,-0.000803771221876044,-0.0003844781770509866,0.0011898453433128143,0.298672,-0.107908,0.132084,0.225698,-0.107839,0.133239,0.299155,0.039258,0.124336,0.298351,0.197755,0.129467,0.223236,0.038889,0.125363,0.380923,0.197582,0.130599,0.378027,-0.107458,0.134003,0.380616,0.03908,0.123749,0.218715,0.195931,0.127881
0.0703268467903137,-0.11134255587077138,0.26229611304092404,2.3239458176816576,0.9266622269435387,-2.4683549599228103,0.09733816405326126,-0.2793821788715124,0.35012151825475696,-1.9081824520683024,0.7576235013918791,2.0119852749347045,0.300378,0.038649,0.137721,-0.0007318108426246463,-0.00033241635280935837,0.0011378782442345104,0.298642,-0.107914,0.132116,0.225636,-0.107829,0.133233,0.299082,0.039284,0.124347,0.298319,0.197753,0.129517,0.223206,0.038891,0.1254,0.380889,0.19757,0.130625,0.377978,-0.107445,0.134013,0.380567,0.039095,0.123774,0.218683,0.195937,0.127928
0.07064160774648187,-0.11113276194864508,0.2623048029597401,2.3243881057026528,0.9265906812340743,-2.463492001530525,0.09734246500259636,-0.2794962036118508,0.35016394450449945,-1.9103550800354048,0.7586420123235804,2.01105099954306,0.300333,0.038678,0.137876,-0.0005461218236805487,0.0002417247353974859,0.0010080659202292607,0.298602,-0.107911,0.132128,0.225587,-0.107821,0.133234,0.299023,0.039305,0.124345,0.298299,0.197737,0.129535,0.22318,0.038887,0.125411,0.380873,0.197552,0.130646,0.377924,-0.107439,0.133998,0.380524,0.039107,0.123799,0.218659,0.195914,0.127942
0.07065940003246068,-0.11125090380394456,0.26208196362066266,2.3247045607219086,0.9274710936479482,-2.466297050306668,0.09724668136057257,-0.27979545275148754,0.3502358340268135,-1.9113594415575732,0.7589794691328515,2.0103114428703153,0.300334,0.038716,0.137874,-0.000644145136486373,0.000349732639924527,0.0008301125916456697,0.298581,-0.107893,0.132108,0.225565,-0.107798,0.133216,0.298998,0.039345,0.124326,0.298296,0.19776,0.129518,0.223173,0.038902,0.125399,0.38087,0.197568,0.130635,0.377902,-0.107417,0.133989,0.38051,0.039134,0.12378,0.218653,0.195946,0.127926
0.07095270190834996,-0.1111176311202049,0.26199417913246154,2.325656547300545,0.9277057401493842,-2.469732766925137,0.09721214873829484,-0.27984606899702547,0.3501568267300129,-1.90964077602764,0.7588369733220327,2.01032117880626,0.3003,0.038719,0.1379,-0.0005021162785560109,0.00023975645734289165,0.000970060116755541,0.298554,-0.107872,0.132157,0.225559,-0.107799,0.133255,0.298996,0.039349,0.124357,0.298266,0.197792,0.129548,0.223143,0.038921,0.125446,0.380843,0.197587,0.130662,0.377901,-0.107415,0.134,0.380498,0.039131,0.123802,0.218631,0.195968,0.127955
0.07116791773289438,-0.11122337350004907,0.26172272983196376,2.324212838307373,0.9287813659587956,-2.464736109946326,0.09713269370043276,-0.2801449233141542,0.35002113606548313,-1.9127906660712997,0.7588881742882775,2.0113015126641054,0.300338,0.038675,0.137783,-0.0007938882868209201,-0.00022838817440892626,0.0009779092646931536,0.298557,-0.107879,0.132164,0.225601,-0.107809,0.133278,0.299063,0.0393,0.124376,0.298278,0.197801,0.129547,0.22315,0.038923,0.12544,0.380861,0.197609,0.13066,0.377947,-0.107435,0.134036,0.380537,0.039106,0.123814,0.218632,0.195989,0.127956
0.07121962786614894,-0.11062004797405,0.26176621437209846,2.3236334821951967,0.9286281234432987,-2.4700776868080245,0.09711176408070324,-0.2802715297317505,0.3499939375393391,-1.9125400429225785,0.7596579948125043,2.0115411664719822,0.300364,0.038622,0.13775,-0.000807762103459793,-0.00040047974001753735,0.0011878381140874223,0.298574,-0.107889,0.132134,0.225658,-0.107847,0.133279,0.299125,0.03924,0.124384,0.298296,0.197791,0.129513,0.223167,0.038915,0.125402,0.380873,0.197605,0.130635,0.377996,-0.107481,0.13406,0.380588,0.039054,0.123807,0.218644,0.195967,0.127908
0.07096324394196268,-0.11086359361520406,0.26158459972831605,2.3229189305067477,0.9293548053081868,-2.4689322606822794,0.09701295477083324,-0.2802759517438412,0.3499738136496544,-1.9139064156595664,0.7592642801514334,2.0101279579236593,0.300365,0.038558,0.137798,-0.0008758416729990441,-0.000256540343732978,0.0012338874990402392,0.298575,-0.107939,0.132153,0.22567,-0.107905,0.133308,0.299134,0.039183,0.124418,0.298297,0.197726,0.129534,0.223174,0.038863,0.125429,0.380859,0.197551,0.130645,0.378007,-0.10754,0.134079,0.380594,0.038992,0.123827,0.218642,0.195921,0.127937
0.0710254544407129,-0.11065416820895668,0.26122921000558136,2.3233069155954444,0.930088319641919,-2.4746788656149263,0.0971760407682955,-0.28064303139036895,0.34994374644470216,-1.9117081833886798,0.7603045537513271,2.0113610516570004,0.300363,0.038588,0.137806,-0.0008279219550788921,-0.00012850252645586562,0.0012139466558664248,0.298601,-0.107941,0.132111,0.225655,-0.107882,0.133274,0.299119,0.0392,0.124386,0.298301,0.197723,0.129514,0.223186,0.03886,0.125389,0.380872,0.197546,0.130628,0.377991,-0.107514,0.13405,0.380592,0.039016,0.123809,0.218661,0.195909,0.127911
0.07087719928026198,-0.1110719134738147,0.2612075318032801,2.3229743569479897,0.9298337613741381,-2.4852642733128802,0.09756763970470428,-0.27975518085566164,0.3500630446588993,-1.9097168413680796,0.7598935914984525,2.0099276223186378,0.300411,0.038666,0.137881,-0.0007861904724916553,0.00040963435240044517,0.0009301609582933359,0.298654,-0.107931,0.132091,0.225654,-0.10785,0.133216,0.299104,0.03928,0.124336,0.298346,0.197735,0.129481,0.223226,0.038868,0.125373,0.380921,0.197552,0.130611,0.37799,-0.107459,0.13401,0.380588,0.039076,0.123777,0.218715,0.19591,0.127886
0.0713889670938253,-0.11096435019198056,0.26077752060610054,2.3282964188162065,0.9292995599172498,-2.483785349732508,0.09741276802036164,-0.28006724856606124,0.3501597816848755,-1.9138615614047616,0.7595599273533477,2.0091903124003423,0.300399,0.03872,0.137885,-0.0006621809362000829,0.0004257185200072982,0.0008501409001742696,0.298666,-0.107899,0.132125,0.225627,-0.107809,0.133199,0.299065,0.039338,0.124313,0.298344,0.197765,0.129532,0.223228,0.038898,0.125406,0.380922,0.197575,0.130638,0.377962,-0.107416,0.133985,0.380561,0.039132,0.123773,0.21871,0.195936,0.127911
0.07126504611372947,-0.11086413555032013,0.26033023440945147,2.3296532431177015,0.929451826365769,-2.4872455964837994,0.09713810739538073,-0.2801254980467558,0.35015372079205515,-1.9147666828881749,0.7601611549252306,2.010644336987819,0.300351,0.03876,0.13787,-0.00039415092014533857,0.00031180921632023654,0.0009680613743594624,0.298638,-0.10787,0.132102,0.225589,-0.10777,0.133176,0.299026,0.03938,0.124292,0.298325,0.197801,0.129521,0.223202,0.03894,0.125391,0.380892,0.197608,0.130639,0.377929,-0.10738,0.133953,0.38052,0.039171,0.123749,0.218689,0.195981,0.127918
0.07170631147325035,-0.1106563793042302,0.25995442454236745,2.3324702545435487,0.9299475707837364,-2.489672394356884,0.09725710866215825,-0.2801473975352049,0.34983465037393574,-1.9171284462963702,0.7596945669312506,2.0105001702440184,0.300332,0.038728,0.137847,-0.0005140651270580118,0.00013374964124307308,0.0009740343010131103,0.298599,-0.107874,0.132129,0.225576,-0.107785,0.133205,0.299012,0.039351,0.124313,0.298292,0.197791,0.129523,0.223179,0.038921,0.125409,0.380868,0.197594,0.130652,0.37791,-0.107397,0.133978,0.380513,0.039146,0.123766,0.218654,0.195969,0.12793
0.0716418925642967,-0.1103474762880802,0.259694344358176,2.3346356307818175,0.9302408789105314,-2.490071804840163,0.09730784486100078,-0.28032425169733166,0.34984172501039507,-1.9152198977544306,0.7591104966496437,2.0097388949449346,0.300314,0.038671,0.1379,-0.0006220926993226213,0.00017967898229207142,0.001032055796901456,0.298555,-0.107902,0.132161,0.225577,-0.107828,0.133256,0.299034,0.039282,0.124371,0.298272,0.197759,0.129541,0.22315,0.038895,0.125427,0.380847,0.197571,0.130658,0.377915,-0.107445,0.134026,0.380526,0.039083,0.123808,0.218622,0.195946,0.127954
0.07195315339863301,-0.11016969989261027,0.25935723142179845,2.3367912699425695,0.9299821235547465,-2.490785987485838,0.09720027111658452,-0.28023947014409306,0.3497337505283356,-1.9182615769083737,0.7594237526494727,2.0118826731482065,0.300329,0.038603,0.13773,-0.0008437062120724731,-0.0005004951560290589,0.0011737887297056334,0.298539,-0.107906,0.132145,0.225622,-0.107871,0.133288,0.299094,0.039216,0.124389,0.298273,0.197758,0.129528,0.223145,0.038895,0.125417,0.380853,0.19757,0.130638,0.377955,-0.10749,0.134055,0.380558,0.039028,0.123819,0.218623,0.195946,0.127926
0.07160247452557084,-0.10977161603376268,0.2588645852467716,2.3380203887274185,0.9305336013971397,-2.492751581411283,0.0970330217001438,-0.2808092516662777,0.34952476835560803,-1.9160444684719236,0.7586481528274687,2.010863395546581,0.300386,0.038567,0.137781,-0.0009798837138796743,-0.00021054084453075016,0.0011038967350879825,0.29857,-0.107921,0.132139,0.225679,-0.107908,0.133301,0.299152,0.039178,0.124375,0.298305,0.197742,0.12951,0.223173,0.03887,0.125404,0.380881,0.197555,0.130621,0.378011,-0.107535,0.134056,0.380601,0.038999,0.123809,0.218658,0.195928,0.12791
0.07191986057311295,-0.11006083596649763,0.25826319859969615,2.3400112465763687,0.9307748851540241,-2.4947527533919667,0.09719008136743307,-0.2807241805765331,0.34958322038245204,-1.9148188259593852,0.7592790896019875,2.0115816080520617,0.300387,0.038609,0.137721,-0.0007877597375302115,-0.0004044678610254071,0.0011878405485185426,0.298605,-0.107899,0.132116,0.225672,-0.107858,0.133254,0.299159,0.039208,0.124342,0.298321,0.197773,0.129496,0.223198,0.038896,0.125389,0.380897,0.197585,0.13061,0.378016,-0.107492,0.134013,0.380609,0.039044,0.123777,0.218676,0.195953,0.127907
0.07197115402519699,-0.11003107288992403,0.25810251664239164,2.3371178365423226,0.9302008601644463,-2.498933549388291,0.09733138755750656,-0.2805210575568676,0.349756182302475,-1.9072395782537621,0.7582708730444517,2.0074254867807744,0.300355,0.038708,0.137894,-0.0005561835714580433,0.00034570463634670434,0.0010620960378089149,0.298628,-0.107886,0.132126,0.225621,-0.107796,0.13322,0.299087,0.039288,0.124331,0.298319,0.197791,0.129518,0.223205,0.038921,0.125397,0.380891,0.197594,0.130638,0.377961,-0.107421,0.13399,0.380558,0.039111,0.123766,0.218679,0.195962,0.127914
0.07271447156518696,-0.10996489177355168,0.2576654113962054,2.3445809319550177,0.9307085125995413,-2.495718978471065,0.09704361153760552,-0.28013115716937187,0.34962027594780926,-1.9088442392194,0.7588724618224457,2.0107974907494155,0.300352,0.03875,0.137851,-0.0004940899338103938,0.00019176825952691784,0.0009380473066099735,0.298639,-0.107882,0.132117,0.225581,-0.10777,0.133192,0.299029,0.039361,0.12432,0.298317,0.197781,0.129536,0.223211,0.038916,0.125411,0.380893,0.19759,0.130648,0.377935,-0.107379,0.133984,0.38052,0.039168,0.123763,0.218692,0.19597,0.127933
0.07272226350307465,-0.10957276920098064,0.2572793157404959,2.34576173985527,0.9308109996321985,-2.4956843366804384,0.09691408294716478,-0.2803848174700737,0.3497251660609245,-1.9115657711296747,0.7585882829145582,2.010086767425431,0.300367,0.038743,0.137825,-0.000494057465713611,0.00012176679729125027,0.0009440300097955987,0.298659,-0.107877,0.132114,0.225604,-0.107767,0.133195,0.299041,0.039361,0.124299,0.29834,0.197776,0.129527,0.223213,0.038911,0.12539,0.380911,0.19758,0.130637,0.377945,-0.107385,0.133959,0.380529,0.039159,0.12376,0.218713,0.195947,0.127918
0.07306140030771491,-0.10946546604800222,0.2566537813699543,2.3496314791617428,0.931931329309188,-2.502025095135562,0.09704789998418092,-0.2806404255618155,0.3497186090807915,-1.911437749610753,0.7582488394716762,2.0090038317810874,0.300376,0.038692,0.137905,-0.0006641796496476126,0.00038969376527341293,0.0009221293480258608,0.298618,-0.107881,0.132151,0.225611,-0.10782,0.133239,0.299077,0.039283,0.124339,0.29831,0.19777,0.129546,0.223199,0.038907,0.125431,0.380886,0.197571,0.130658,0.377955,-0.107445,0.134011,0.380549,0.039102,0.123797,0.218684,0.195943,0.127934
0.07333428480625154,-0.10954671296060081,0.25628231646227834,2.350182747550316,0.9326444438430863,-2.497820892523949,0.09703152136898038,-0.2806577977521718,0.3494569553768635,-1.9113291649355801,0.7576987225645102,2.007714194727451,0.3004,0.038591,0.13777,-0.000859861530476768,-0.00025446771628474547,0.0010878904891665746,0.298609,-0.107906,0.132155,0.225672,-0.107877,0.133279,0.299134,0.039209,0.124367,0.298318,0.197747,0.129548,0.223202,0.03888,0.125438,0.380894,0.197565,0.130644,0.378011,-0.107516,0.134043,0.380603,0.039029,0.12381,0.218681,0.19593,0.127945
0.07353074997812509,-0.1087186794580817,0.25571916079851986,2.352996762952313,0.933675170571524,-2.503127453089177,0.09703537221896646,-0.2810944714461267,0.3495033503251076,-1.912498552736884,0.758383117843468,2.008829333852227,0.300379,0.038589,0.137899,-0.0007421373341317251,0.0002255480063361979,0.0012180835432246142,0.298593,-0.107908,0.132152,0.225687,-0.107893,0.133279,0.299152,0.039186,0.124362,0.298309,0.197763,0.129519,0.223187,0.038878,0.125409,0.380885,0.197569,0.130631,0.378026,-0.107543,0.134046,0.380609,0.039009,0.123801,0.218661,0.19593,0.127907
0.07388822075426577,-0.10846934594988819,0.2550688030807972,2.353471258229705,0.935291244666481,-2.503572366032576,0.09709962390103935,-0.28131288725760584,0.34949194031691555,-1.910758768328647,0.7580276910301711,2.0081830174891104,0.300327,0.038582,0.137831,-0.0008079303480367113,-0.00011449120286807562,0.0012159535997016352,0.298554,-0.107933,0.132162,0.225622,-0.107875,0.133291,0.299085,0.039206,0.124372,0.298273,0.197739,0.129543,0.22315,0.038861,0.125422,0.380846,0.19755,0.13064,0.377968,-0.107522,0.134059,0.380562,0.039016,0.123815,0.218624,0.195925,0.127946
0.074535618288815,-0.10831526295769212,0.2545583111207485,2.3565208360069825,0.9371156114544763,-2.5062266762062624,0.09723121544682978,-0.28149808533540366,0.34959040286397935,-1.9135943048032171,0.7584729678635977,2.0098291395819636,0.300309,0.038632,0.137785,-0.0006878877640586807,-0.00020038519278362202,0.0011199309616586328,0.298548,-0.107912,0.132145,0.225575,-0.107853,0.133228,0.299035,0.039255,0.124329,0.298267,0.197759,0.129532,0.223148,0.038883,0.125412,0.380844,0.197557,0.130633,0.377921,-0.10747,0.134033,0.380523,0.039063,0.123796,0.218617,0.195939,0.127931
0.07459007851779459,-0.10881067836338279,0.2544373045836687,2.3523234065918137,0.9366586168955231,-2.5027085683019785,0.09733877668848634,-0.28107891543930774,0.34972083068919185,-1.9053171996499243,0.7581033637104411,2.007634434944517,0.30035,0.038684,0.137736,-0.0007479050601293445,-0.00021233428308298677,0.0008939205375105472,0.298583,-0.107892,0.132113,0.225575,-0.107805,0.133189,0.299015,0.039328,0.124291,0.298307,0.197764,0.129515,0.223182,0.038894,0.125396,0.380884,0.197569,0.130633,0.377912,-0.107424,0.133989,0.38052,0.039123,0.123762,0.218666,0.195943,0.127921
0.07530706180781127,-0.10831656360197064,0.2542269293372631,2.3526215109649824,0.9376202380819405,-2.499673572937244,0.09714694684648512,-0.2816420639433563,0.34959139503860476,-1.9104460967941126,0.7578223453560254,2.006612536129368,0.300365,0.038753,0.137873,-0.0005660764121033597,0.0001877695913021228,0.0008140531010237575,0.298624,-0.107873,0.132161,0.225581,-0.107774,0.133213,0.299016,0.039372,0.124315,0.298321,0.197777,0.129554,0.223212,0.038914,0.125427,0.380899,0.19759,0.130655,0.377926,-0.107392,0.133991,0.380516,0.039149,0.123786,0.218688,0.195962,0.127951
0.0756156142145395,-0.10800796406948562,0.25375331711310145,2.3535734975436187,0.9373732931365857,-2.5008072021288843,0.09715018506124615,-0.2813045959849358,0.34962016810274127,-1.9099811076859707,0.7579164395479602,2.005144656556123,0.300379,0.038753,0.137893,-0.000506077920846038,0.00015774998707565735,0.0009880398365244934,0.298656,-0.10785,0.132186,0.225622,-0.107741,0.133241,0.299066,0.039382,0.124354,0.298345,0.197821,0.129567,0.22323,0.03895,0.125443,0.38092,0.19762,0.130678,0.37797,-0.10736,0.134024,0.380559,0.039178,0.123803,0.218709,0.195995,0.127972
0.07589120714068409,-0.10813031134128567,0.25326432862508297,2.3523941876552916,0.9388842448180457,-2.503809989990982,0.09733655119726062,-0.28118385926195977,0.3495819478106499,-1.9129966218579446,0.7566924926405854,2.0060736895207203,0.300416,0.038729,0.137941,-0.0007142103252179836,0.00043365354589664255,0.0009701547838729608,0.298657,-0.10784,0.132171,0.225667,-0.107764,0.133263,0.299119,0.039335,0.124369,0.298364,0.197828,0.129556,0.223247,0.038952,0.125443,0.380922,0.197631,0.130669,0.378007,-0.107406,0.134035,0.380599,0.039144,0.123812,0.21871,0.196007,0.127964
0.07593066684752703,-0.10825122790437933,0.2526697681072652,2.352349621800509,0.9382756670574577,-2.502385182505156,0.09739362629526852,-0.2816873369242847,0.3493255353770256,-1.9120242189923244,0.7559423578494121,2.006098029360582,0.300385,0.038648,0.137894,-0.0007481123787557689,0.00018955634225275084,0.001186070765708033,0.298613,-0.107882,0.132156,0.225675,-0.107835,0.133279,0.299128,0.039267,0.124383,0.298329,0.19779,0.129529,0.223213,0.038915,0.125423,0.380892,0.197599,0.130639,0.378023,-0.107464,0.134059,0.380602,0.039076,0.123813,0.218684,0.195975,0.127933
0.07671240239143368,-0.10762236639571188,0.25194374053347107,2.3519294294554145,0.9377951492843422,-2.5055154896073444,0.09751202742958068,-0.2816870737092793,0.34935706927490234,-1.9132094926755385,0.7562719584257673,2.0084256669695852,0.300359,0.038571,0.137746,-0.0008477520298823469,-0.000402522137504162,0.0012318292246780117,0.298579,-0.107934,0.132129,0.225639,-0.107889,0.133263,0.2991,0.039209,0.124376,0.298288,0.197728,0.129514,0.223176,0.038867,0.125389,0.380866,0.197542,0.130632,0.377987,-0.107516,0.134047,0.380578,0.039012,0.123821,0.218646,0.195917,0.12792
0.07697736994773147,-0.10741712472856041,0.25126119749981163,2.3518837400916874,0.9376752882594821,-2.5068560332781327,0.09769970635536313,-0.28203291190487145,0.3490080394968987,-1.9114904533601487,0.7554643918629332,2.010268005617638,0.300374,0.038572,0.137742,-0.0009239192787070801,-0.0001584702407931094,0.0010179267052245488,0.298579,-0.107967,0.132072,0.225619,-0.107908,0.133206,0.299081,0.039203,0.124323,0.298305,0.197697,0.129485,0.223184,0.038825,0.125346,0.380884,0.197512,0.13059,0.377968,-0.107532,0.13402,0.380573,0.03901,0.12377,0.218662,0.195883,0.127881
0.07783539981395005,-0.10720841467666622,0.250466582470268,2.3553284185143077,0.937958542896407,-2.507893227214785,0.09772406173124909,-0.28227420110031964,0.3488057868564129,-1.9169137065514927,0.7559778463498251,2.0126555566786095,0.300368,0.038631,0.137739,-0.0008259481374939363,-0.00010640221851765941,0.000973955981639498,0.298587,-0.107925,0.132096,0.225604,-0.107849,0.133174,0.299059,0.039261,0.124279,0.298305,0.197737,0.129481,0.223184,0.038866,0.125344,0.380889,0.197549,0.1306,0.377947,-0.107472,0.133982,0.380548,0.039065,0.123748,0.218669,0.19592,0.127888
0.07847175529748202,-0.10687857128763195,0.25039679519999025,2.351971373789328,0.9376874890967033,-2.507411425445692,0.0983030270244479,-0.2824855890711546,0.3489306067380905,-1.91290523131378,0.7544109342399854,2.010220074856062,0.300342,0.038712,0.137853,-0.00046611287453069696,0.0002217627355915411,0.0010180515953194175,0.298595,-0.107875,0.132142,0.225589,-0.107796,0.133184,0.299046,0.039316,0.124284,0.298305,0.197803,0.129525,0.223186,0.038932,0.125413,0.380881,0.197609,0.130635,0.377939,-0.107419,0.133967,0.380541,0.039125,0.123759,0.218667,0.195979,0.12792
0.07905773402750493,-0.10653077900755403,0.2498671760995984,2.3591876717373017,0.9378369249509872,-2.5157024230866316,0.09838085670354962,-0.28315397093436123,0.3487740804064274,-1.9163859214866241,0.7555176697643167,2.010414793574962,0.300344,0.038743,0.137888,-0.0004541220930193702,0.00024177065469984733,0.0010100548108406787,0.298606,-0.107846,0.132181,0.225592,-0.107766,0.133219,0.299044,0.039348,0.124318,0.298316,0.197838,0.129571,0.223196,0.038965,0.125458,0.380887,0.197639,0.130675,0.377946,-0.107399,0.133994,0.380541,0.039155,0.123788,0.218665,0.196017,0.127975
0.07981784381866452,-0.10618081898701187,0.24900765459868313,2.3585199329215234,0.9392190357913923,-2.516422785078743,0.09821977114763855,-0.2829881981239617,0.34888423335886004,-1.9143390723257034,0.7550740183583898,2.0146098585900294,0.300338,0.038718,0.137927,-0.0005201069759410563,0.0002077321301087551,0.0010300539304058413,0.298601,-0.107849,0.132234,0.225599,-0.107776,0.133261,0.299047,0.039337,0.124379,0.298306,0.19781,0.129599,0.223189,0.038942,0.12549,0.380879,0.197611,0.130711,0.377949,-0.107414,0.134056,0.380542,0.039127,0.123842,0.218664,0.195999,0.128019
0.080689249150455,-0.10592645632094141,0.24798227912443876,2.3602804714369325,0.9398547482139601,-2.5167238877778106,0.09867049563464522,-0.28358711754724386,0.34861082454252246,-1.9183339043942464,0.7540538819991885,2.016132409188196,0.300317,0.038668,0.138034,-0.0005762557858985115,0.00046168070777455827,0.001108132909741302,0.29858,-0.10789,0.132255,0.225597,-0.107823,0.133312,0.299054,0.039278,0.124438,0.298289,0.197769,0.129636,0.223174,0.038903,0.125524,0.380853,0.197574,0.130728,0.377956,-0.107457,0.134116,0.380534,0.03907,0.123902,0.218639,0.195957,0.128033
0.08175457789897916,-0.1053150668004155,0.24717836844447255,2.3617391605493605,0.9405177905119031,-2.5175640916401973,0.09890543499207496,-0.28364865721550586,0.3482679203643799,-1.9225457189204072,0.7539388378528115,2.0141855964582724,0.300388,0.038627,0.137983,-0.0008322497535648565,0.0004935787861374985,0.001012205304058125,0.298613,-0.107926,0.132203,0.225656,-0.107873,0.133299,0.299117,0.039242,0.124424,0.29832,0.197739,0.129581,0.223207,0.038868,0.125469,0.380899,0.197556,0.130678,0.378005,-0.107507,0.134091,0.380593,0.039028,0.123866,0.218684,0.195916,0.127975
0.08238593320846554,-0.10487423509961363,0.24616380294966694,2.3616050884820305,0.9407237406441951,-2.521352780017213,0.0990554556056559,-0.2838210630440414,0.34829505418348317,-1.9195877677087658,0.7548113312141111,2.0153138416506664,0.300431,0.038611,0.13776,-0.0008878566083821416,-0.00026448116464130027,0.0010838824831699864,0.298642,-0.107937,0.132156,0.225696,-0.107873,0.133266,0.299152,0.039237,0.124371,0.298351,0.197746,0.129523,0.223234,0.038867,0.125424,0.380925,0.197564,0.130631,0.378031,-0.10751,0.13405,0.380628,0.039028,0.123803,0.218708,0.195919,0.127925
0.08304828959703442,-0.10423045953655241,0.24515926697242257,2.3642528245603005,0.9413304638775255,-2.518955193600008,0.09925201149082183,-0.2838019799561501,0.34824868080425264,-1.9211671981560763,0.7541791302182035,2.0165723986010944,0.300391,0.038619,0.137749,-0.0007958670319645597,-0.0002264671371372038,0.001173909746289415,0.298627,-0.107926,0.13213,0.225657,-0.107853,0.133244,0.299118,0.039254,0.124346,0.29833,0.197755,0.12951,0.223218,0.038872,0.125406,0.380903,0.197571,0.130625,0.378003,-0.107477,0.13403,0.380602,0.039052,0.123771,0.218697,0.195928,0.127917
0.0840322405129671,-0.10384585902339216,0.24410588806006311,2.363408694840297,0.9418178141194848,-2.5266805001626613,0.09956823128902911,-0.28413373614895343,0.34803540639781955,-1.923642966128567,0.7538532320044868,2.021181989811973,0.300364,0.038662,0.137735,-0.0006958964122811234,-0.00019037854403637918,0.0010879336507981382,0.29862,-0.107915,0.132113,0.225615,-0.107819,0.133199,0.299064,0.039299,0.124313,0.298319,0.197766,0.1295,0.223203,0.038893,0.125379,0.380898,0.197578,0.130618,0.377957,-0.107434,0.133982,0.380557,0.039108,0.123753,0.218686,0.195943,0.127915
0.08478276663720608,-0.10378819712704418,0.24409131555545327,2.3586113116489775,0.9418438751077891,-2.5161008973052987,0.09979095545023678,-0.2838736534021199,0.34799625863814354,-1.921752359288549,0.7538121448093522,2.0175699575763817,0.300339,0.038711,0.137876,-0.0005361562891466536,0.0003157345773236604,0.0009900845606841593,0.298604,-0.107905,0.13212,0.225584,-0.107801,0.133202,0.29902,0.039332,0.124312,0.298311,0.197767,0.129525,0.223196,0.038896,0.12541,0.380885,0.197573,0.130628,0.37793,-0.107407,0.133979,0.380534,0.039131,0.123761,0.218673,0.19595,0.127926
0.08639282267987725,-0.10286460962486263,0.24288658528226614,2.364526211736699,0.943183039001176,-2.519495043775016,0.09998358546885847,-0.28428087333697083,0.34772196549224854,-1.9249386934142376,0.7550990318815817,2.0204454288118274,0.300318,0.038728,0.137871,-0.0005161079328179139,0.00021373935044410433,0.0010100550704301905,0.298572,-0.107877,0.132127,0.225565,-0.107779,0.133231,0.299008,0.039363,0.124329,0.298288,0.197801,0.129551,0.223167,0.038934,0.125422,0.380862,0.1976,0.130647,0.377917,-0.107393,0.133988,0.380508,0.039157,0.123778,0.218648,0.195986,0.127966
0.08773045257329937,-0.10249700419694183,0.24145015102091433,2.3661684073099956,0.9447488456467819,-2.5213424811064864,0.10052724296867846,-0.2842675283361972,0.3475869866051674,-1.9255920703925593,0.75455035979886,2.0197927466444376,0.300349,0.038721,0.137902,-0.000524149718778728,0.0002857253239782783,0.001048074785507796,0.298594,-0.107854,0.132162,0.225609,-0.10778,0.133248,0.299069,0.039344,0.124364,0.298314,0.197817,0.129567,0.223189,0.038942,0.125449,0.380888,0.197617,0.13066,0.377959,-0.107407,0.134013,0.380542,0.039138,0.1238,0.218671,0.195999,0.127979
0.08932213297635316,-0.1021368124414086,0.24005031692701578,2.3693348300174595,0.9462652633033168,-2.5234262316259066,0.10104570740771293,-0.28498128846633436,0.34735046080207826,-1.9277254508867074,0.7553966657171068,2.0248707861579005,0.300378,0.038706,0.137938,-0.0006521925121992692,0.0003936810309144826,0.0009781282999630522,0.298602,-0.107872,0.132181,0.225641,-0.10782,0.133264,0.299098,0.039295,0.124375,0.298325,0.19781,0.129554,0.2232,0.038933,0.125463,0.380892,0.197619,0.130668,0.377991,-0.10745,0.134036,0.380575,0.039098,0.123817,0.218674,0.19599,0.127976
0.09073197371661662,-0.10133904059576984,0.2384094598971605,2.3684832102378293,0.9480838712961439,-2.5240044686499874,0.10149989515915511,-0.2847399203063846,0.3468805582718849,-1.9307675038261074,0.755384475010858,2.024261541243189,0.300354,0.038643,0.137917,-0.0006681548378288346,0.00026561043451620335,0.0011660886023487252,0.298576,-0.107902,0.132168,0.225648,-0.107848,0.133285,0.299106,0.03925,0.12439,0.298303,0.197786,0.12955,0.223178,0.038912,0.125446,0.380874,0.197594,0.130658,0.377999,-0.107482,0.134047,0.380586,0.039052,0.123817,0.21865,0.195964,0.127961
0.0929249250486493,-0.10063550042811034,0.2367475303966105,2.375195801675864,0.9490075234771294,-2.5307749725618027,0.10178834632807968,-0.28464092514285444,0.3467928586626053,-1.9289497851501474,0.7562245501236888,2.0255616631509206,0.300345,0.038575,0.137819,-0.0007359112771913144,-0.00014445182973351868,0.0012279466938152582,0.29857,-0.107951,0.132169,0.225639,-0.107895,0.133284,0.299094,0.039196,0.124386,0.298288,0.197735,0.129562,0.223175,0.038864,0.125443,0.380861,0.197548,0.130652,0.377986,-0.107532,0.134058,0.380577,0.039,0.123835,0.218642,0.195925,0.12797
0.09426626340448857,-0.10005894649684427,0.2347085912144482,2.3762196928269237,0.949495947392764,-2.5336023044357003,0.10250029097339511,-0.28495283492425083,0.3462421586074829,-1.9311781071502987,0.7557427914730436,2.028308694923707,0.300374,0.038571,0.137708,-0.0007357293384135044,-0.0004564362178034024,0.001185831954212693,0.298599,-0.10796,0.13213,0.225648,-0.107903,0.133242,0.29911,0.039193,0.124338,0.298316,0.197711,0.129518,0.223195,0.038853,0.125406,0.380883,0.197533,0.130621,0.377988,-0.107538,0.134026,0.380589,0.038999,0.123795,0.218674,0.195904,0.127919
0.09598148977458476,-0.09961551350748535,0.23314548915523292,2.3763601314449367,0.9509549723110109,-2.5337575371082917,0.10285416908380388,-0.28534247209674124,0.3461032541599274,-1.93413605836194,0.7570376250797167,2.0302974470700095,0.30037,0.038611,0.137679,-0.0006477458293965908,-0.0004443704566851264,0.0011438559556714463,0.298602,-0.107941,0.132107,0.225626,-0.107872,0.133204,0.299083,0.039233,0.124305,0.298315,0.197738,0.12949,0.223193,0.038869,0.125378,0.380885,0.19754,0.13061,0.377964,-0.107497,0.133983,0.380574,0.039047,0.123762,0.21868,0.195922,0.127917
0.09640900465548036,-0.09918833857160803,0.23349460023689267,2.378838966678609,0.9511643386777249,-2.522945366121425,0.1029258474051356,-0.28510589444988965,0.3461403528633118,-1.9409180216884097,0.7561158270842555,2.0268655296494,0.300356,0.038696,0.137838,-0.00048409499323908285,0.00018374971160336752,0.0010340443840330977,0.298601,-0.107911,0.132116,0.225603,-0.107812,0.13321,0.299061,0.039303,0.124308,0.29832,0.197782,0.129515,0.223193,0.038918,0.125396,0.380886,0.197584,0.130638,0.377957,-0.10743,0.133975,0.38055,0.039116,0.123772,0.218679,0.195964,0.127939
0.09844524219930173,-0.09815649411064384,0.23200599151659013,2.384054295197136,0.9518751106508767,-2.5263224725752123,0.10307115447831153,-0.2854750271734595,0.3459611574983597,-1.9425815538634787,0.7570185714573576,2.0276204391442114,0.300379,0.038744,0.137873,-0.0006321979097139426,0.00044571925221796447,0.000888140833044562,0.298628,-0.107875,0.132094,0.22561,-0.107775,0.133193,0.299058,0.039355,0.124298,0.298334,0.197811,0.129504,0.22321,0.038941,0.125382,0.380903,0.197614,0.130626,0.377958,-0.107389,0.133972,0.38055,0.039157,0.123753,0.218699,0.195995,0.127927
0.09961844970285894,-0.0974145415819585,0.2302534236000776,2.386577696285591,0.9532435565535944,-2.5289612407563475,0.10350485020661354,-0.2851045257318616,0.3457279101853371,-1.9426450973911187,0.7566942986711408,2.0320087250418792,0.300352,0.038737,0.137847,-0.0005940904797468045,0.00017369046309088871,0.001042051499646428,0.298598,-0.107866,0.132091,0.225604,-0.107755,0.133222,0.299051,0.039361,0.124323,0.298311,0.197822,0.129506,0.22319,0.038954,0.125377,0.380883,0.197623,0.130633,0.377952,-0.10738,0.133995,0.380546,0.039163,0.123763,0.218669,0.196007,0.127934
0.1017406069040298,-0.09678708910459277,0.2284822876800895,2.384872209708443,0.9544214741822674,-2.5330143302596593,0.10386836794474719,-0.2854224104938805,0.3454633878026009,-1.9443280664099365,0.7569437114908375,2.036122157978638,0.300314,0.038691,0.137958,-0.0006582495624850595,0.000445631324603095,0.0011201465512426364,0.298557,-0.107895,0.132137,0.225597,-0.107796,0.133267,0.299052,0.039304,0.124375,0.298277,0.197789,0.129534,0.223157,0.03892,0.125419,0.38085,0.197599,0.130642,0.377954,-0.107423,0.134055,0.38053,0.03911,0.123819,0.218633,0.19598,0.12796
0.10326795173436404,-0.09595818850588794,0.22659447853374481,2.393785380664994,0.9557577098747212,-2.529918664948098,0.10431909243175386,-0.2854535751505196,0.3449165917389393,-1.9454159689816788,0.7566755159533649,2.035481832960717,0.300378,0.038632,0.137766,-0.0009858981977965504,-0.00019451557691396116,0.0010459040183431407,0.298573,-0.107932,0.132108,0.225642,-0.107834,0.133252,0.299101,0.039267,0.124361,0.298312,0.197768,0.129489,0.223184,0.038896,0.125381,0.380882,0.197578,0.130619,0.377993,-0.107467,0.134055,0.380575,0.039071,0.123791,0.218661,0.19595,0.127925
0.10571837036162612,-0.09480577432030438,0.22449278788688776,2.3997594522237717,0.9569319184488791,-2.536359416463733,0.10464463928869366,-0.2855111929152012,0.344474793633461,-1.9466642255143476,0.7562285233909106,2.0391365535308372,0.30039,0.038609,0.137766,-0.0009739175057886207,-0.0001585063992215539,0.0010399227201765952,0.298589,-0.10796,0.132108,0.22565,-0.107862,0.133256,0.29911,0.039239,0.124338,0.298325,0.197746,0.129497,0.223188,0.038863,0.125381,0.380906,0.197557,0.130606,0.377999,-0.107485,0.134033,0.380589,0.039047,0.123793,0.218674,0.195926,0.127911
0.10727888301312921,-0.09385829831820725,0.22235980887281892,2.4056653642399404,0.9574760757889398,-2.538752883316647,0.10526361341291665,-0.28572500246408583,0.3438840614891052,-1.9469157831267108,0.7557105538276303,2.0424729838873708,0.30039,0.038641,0.137583,-0.0004773620991483062,-0.0012462441770099537,0.001023702455609187,0.298575,-0.107954,0.132106,0.225622,-0.107845,0.133221,0.299078,0.039258,0.124309,0.298309,0.197759,0.129505,0.223186,0.038879,0.125389,0.380882,0.197576,0.130611,0.377969,-0.107474,0.133997,0.380572,0.039072,0.123762,0.218658,0.195943,0.127914
0.10930095339715479,-0.09305345963865516,0.2205114188756347,2.401986995956946,0.9590247036557384,-2.536558653573066,0.10561621624183654,-0.2858559782507718,0.34358226785087587,-1.9532409806250859,0.7560640843088441,2.0452889161299224,0.300376,0.03868,0.137522,-0.0003553122604718309,-0.0013621791789868707,0.0010097579146200037,0.298593,-0.107926,0.132083,0.225593,-0.107812,0.133172,0.29904,0.039297,0.124258,0.298311,0.197782,0.129493,0.22319,0.038901,0.125373,0.380881,0.197586,0.130609,0.377943,-0.107438,0.133942,0.380543,0.039114,0.123722,0.218667,0.195961,0.127911
0.10952446117699144,-0.09262966637790199,0.22052623600262405,2.4054758657313684,0.9591512019360466,-2.538820668874522,0.10588591327121852,-0.2863052073004842,0.34333978900003437,-1.9578022845532665,0.7551160085688021,2.0416682713356096,0.300355,0.038711,0.137687,-0.0001916653791059424,-0.000700091581016139,0.0009559328355276879,0.298599,-0.10793,0.132095,0.225575,-0.107818,0.13318,0.299018,0.039309,0.124259,0.298309,0.197773,0.129512,0.223186,0.038897,0.125391,0.380877,0.197568,0.130628,0.37792,-0.107432,0.133918,0.380521,0.039122,0.123727,0.218662,0.195952,0.12793
0.11161532562226056,-0.09144768421238658,0.21856049715536835,2.4097893910707615,0.9600274172619165,-2.5456666357140265,0.10648565815103053,-0.2864948273903728,0.3427513216021061,-1.9641669164173243,0.7558667754706698,2.0431050708056455,0.300335,0.038695,0.137759,-0.00019373496457031515,-0.000530096850088501,0.0009999485675180803,0.298571,-0.107927,0.132092,0.225569,-0.107825,0.133214,0.29902,0.039292,0.124305,0.298282,0.197763,0.129537,0.223167,0.038888,0.12541,0.380855,0.197561,0.130645,0.377912,-0.10744,0.133971,0.380513,0.039104,0.123775,0.218638,0.195945,0.127959
0.11354976795613764,-0.09049279453790185,0.2168229560421705,2.410867210651137,0.9613104573040865,-2.540191173012879,0.10703727990877626,-0.2865801353736222,0.34223336330962184,-1.965600944321976,0.7556941189495764,2.046519388649739,0.300393,0.038658,0.13776,-0.0003837382924893496,-0.0005881707249184862,0.0008898870894331158,0.298585,-0.107926,0.132127,0.225622,-0.107858,0.133265,0.299082,0.039246,0.124357,0.298297,0.197755,0.12955,0.223181,0.03888,0.125432,0.380871,0.197559,0.130651,0.377966,-0.107493,0.134014,0.380564,0.039053,0.123817,0.218657,0.195937,0.127971
0.11563817398250104,-0.08960215669077631,0.21529262173312902,2.4092467362507595,0.962954544521303,-2.548031827375673,0.10746261129084228,-0.2861761003403366,0.3416473116412163,-1.9705263152849881,0.7545809720167735,2.0518891317824774,0.30041,0.038613,0.137949,-0.0008102530242964404,0.0004575518469971455,0.0011061852536557123,0.298608,-0.107928,0.132134,0.225705,-0.10789,0.133312,0.299157,0.039217,0.124396,0.298327,0.197762,0.129545,0.223213,0.038881,0.12544,0.380903,0.197576,0.130658,0.378038,-0.107524,0.13405,0.380619,0.039032,0.123827,0.218683,0.195946,0.127953
0.1178696683228016,-0.08880614071491358,0.21333396528619525,2.4150736281378595,0.9654444913813831,-2.547350788497246,0.10813612245285509,-0.28604738820269704,0.34104038116765023,-1.9686205701339736,0.7545607444745533,2.051811618753992,0.300396,0.038593,0.137772,-0.0008618015668626053,-0.00030855407868965874,0.0012858668665647174,0.298589,-0.107917,0.13214,0.225708,-0.107869,0.133309,0.299159,0.039226,0.124388,0.298326,0.197801,0.129525,0.2232,0.038911,0.125421,0.380889,0.197598,0.130641,0.378043,-0.107512,0.134062,0.380625,0.039046,0.123817,0.218665,0.195979,0.127936
0.12041796535700561,-0.08808025114306806,0.21163901176440714,2.420778057550052,0.966810301903261,-2.5519163892489094,0.10881250924959779,-0.2858192860790193,0.34046153354978564,-1.9701267386317696,0.7545363630620558,2.056236976100066,0.300358,0.038631,0.137759,-0.0008138197207313671,-0.00030448172852298396,0.0011838759650581378,0.298567,-0.107921,0.132118,0.225644,-0.107834,0.133262,0.299092,0.039272,0.124369,0.298306,0.197783,0.129521,0.223177,0.038896,0.125405,0.380871,0.197592,0.130628,0.377985,-0.107463,0.134052,0.380577,0.039076,0.123805,0.218641,0.195965,0.127937
0.12273379596620798,-0.08747592845645544,0.20982062877911328,2.421143572459867,0.9699948180246636,-2.553789292977813,0.10924976826441288,-0.2860510468912721,0.33970325330781936,-1.9715977712966353,0.7537400841901929,2.057963981353077,0.30035,0.038684,0.137518,-0.0004372701644418262,-0.0015022121588795059,0.0009716714871266399,0.298564,-0.107941,0.132076,0.225581,-0.107812,0.133198,0.299011,0.039324,0.124298,0.298306,0.197754,0.129486,0.223169,0.038874,0.12536,0.380877,0.197565,0.1306,0.377916,-0.107418,0.13398,0.380516,0.039118,0.123752,0.218652,0.195936,0.127895
0.12492108043432232,-0.08679202801740166,0.2082429076205492,2.4184890953279323,0.9719350439629104,-2.5480151618655875,0.10980497831419109,-0.2855723904039562,0.3387830329117775,-1.9777089766210463,0.7537730442478284,2.0587136484208415,0.300324,0.038719,0.137544,-0.00048551760712420576,-0.0012341896079204869,0.0007817003497125188,0.298547,-0.107948,0.132064,0.225606,-0.108095,0.132929,0.298942,0.039366,0.124272,0.298286,0.197737,0.129488,0.223153,0.038864,0.125358,0.380855,0.197547,0.130601,0.377858,-0.107403,0.133948,0.380459,0.039144,0.123737,0.218641,0.195916,0.1279
0.1250790442660451,-0.08645548631033298,0.2081523157993257,2.4242347200680756,0.9723963332165653,-2.5527697008158574,0.10995548653540013,-0.2874243975034356,0.3389075723962784,-1.9756021348943242,0.7528435706225068,2.0561332509363437,0.300335,0.038751,0.13768,-0.0003637319546760207,-0.000698139621607943,0.0007678729944001082,0.298564,-0.107922,0.132053,0.22554,-0.107798,0.133172,0.29896,0.039366,0.124287,0.298294,0.197765,0.129507,0.223158,0.038896,0.12537,0.380861,0.197569,0.130617,0.377877,-0.10741,0.133951,0.380483,0.039155,0.123739,0.218648,0.195942,0.127902
0.12689656586349007,-0.08508397859603165,0.2068012547484338,2.427838187754796,0.9755613279984141,-2.55921026507857,0.11021358100378512,-0.28751723343583946,0.33799779140281677,-1.9797576947092508,0.7526365092193336,2.0579632324349273,0.300406,0.038748,0.137674,-0.0003176681433906584,-0.0007921330415278889,0.000837874133236019,0.298615,-0.107872,0.132078,0.225623,-0.107789,0.133208,0.299071,0.039339,0.124304,0.29833,0.197808,0.129505,0.223202,0.03893,0.125377,0.380901,0.197605,0.130622,0.377958,-0.107419,0.133955,0.380557,0.039144,0.123749,0.218695,0.195982,0.127913
0.12877121444940565,-0.08457837481015917,0.2054998054458499,2.423046047605215,0.9768713074891682,-2.5591040926716224,0.11112285670536756,-0.286566132335335,0.3373890059940815,-1.9812657321343303,0.7522209415885427,2.0584043452250507,0.300392,0.038686,0.137842,-0.0005800567273145145,9.766297874009445e-05,0.0011620281942861293,0.298621,-0.107856,0.132107,0.225671,-0.107823,0.133247,0.29913,0.039293,0.124335,0.298337,0.197822,0.129523,0.223209,0.038952,0.125396,0.380903,0.197633,0.130643,0.378018,-0.107458,0.133999,0.380611,0.039102,0.123773,0.218686,0.196007,0.127939
0.13083266120404002,-0.0840244737667441,0.20418541445451974,2.416018873662831,0.9780192598616262,-2.560053090481869,0.11171751296198368,-0.28688580695939064,0.3365762424237728,-1.982621451985802,0.7521393993089677,2.0639519564183217,0.300365,0.038635,0.137946,-0.0006482139543246423,0.0003496032527732124,0.0012241131560446665,0.298599,-0.107898,0.132157,0.225672,-0.107874,0.133305,0.299126,0.039228,0.124388,0.298309,0.197783,0.129545,0.223191,0.038909,0.125443,0.380878,0.197587,0.130649,0.378014,-0.107509,0.134056,0.380602,0.039043,0.123817,0.218657,0.195963,0.12796
0.1327810206890106,-0.08304400475478169,0.20287784959244726,2.4195725324530297,0.98175535143212,-2.558121389335361,0.1119284470207989,-0.2866827892257273,0.3356191174454689,-1.985185246433347,0.7498888143323923,2.0658557063546423,0.300392,0.038594,0.137749,-0.0009018463341441876,-0.00028448693727967713,0.0010798716132637096,0.298587,-0.107933,0.132116,0.225664,-0.107892,0.133264,0.299123,0.039219,0.12436,0.298311,0.197739,0.129506,0.223189,0.038871,0.125393,0.380884,0.197553,0.130621,0.377997,-0.107521,0.134036,0.380594,0.039019,0.123803,0.218665,0.195923,0.127915
0.13507018370330331,-0.08220586958169934,0.20121430092471837,2.419834684539987,0.9830809479945171,-2.5636326173446693,0.11244288557121157,-0.2860217247396708,0.3349504133169651,-1.9908746348698658,0.7489488657298495,2.066811700372626,0.300402,0.038604,0.137565,-0.0005693547849890717,-0.001376266698507208,0.0009376081391380031,0.298596,-0.107966,0.132117,0.225635,-0.1079,0.13324,0.299084,0.039217,0.124341,0.298316,0.197703,0.129495,0.223189,0.038835,0.125379,0.380897,0.197523,0.130608,0.377969,-0.107514,0.13402,0.380577,0.039016,0.123784,0.218669,0.195886,0.127899
0.1373381793141365,-0.08139027890944478,0.20016340318220854,2.4170839601418415,0.985865569475161,-2.5666159309028473,0.11308568995541332,-0.28615830700597167,0.33366177259969715,-1.9923314636873766,0.7468843019004774,2.0697635612593324,0.300373,0.038664,0.137521,-0.00035123228933863317,-0.0014881809152117284,0.0010317385597621305,0.298589,-0.107928,0.13211,0.225613,-0.107847,0.13319,0.299054,0.039285,0.124289,0.298314,0.197749,0.129488,0.223189,0.038879,0.125371,0.380892,0.197567,0.13061,0.377949,-0.107456,0.133979,0.380554,0.039085,0.123749,0.218666,0.195937,0.127899
0.13927495506256815,-0.08146307163423294,0.1988811742094457,2.4173513552705375,0.9872662255881424,-2.561052646581138,0.11337749186393617,-0.2859866118579507,0.3330158237805367,-2.0021274460439935,0.747515690182635,2.0718934844768366,0.300371,0.038741,0.137656,-0.00021559666992012385,-0.0008421032112374005,0.0009579091494020988,0.298604,-0.107884,0.132096,0.225603,-0.107795,0.133173,0.299041,0.039337,0.124264,0.298325,0.197797,0.129496,0.223193,0.038918,0.125371,0.380901,0.197602,0.130617,0.377943,-0.107416,0.133957,0.380549,0.039132,0.123726,0.218676,0.195976,0.127899
0.1391594927102327,-0.08177815271070599,0.19818635346207022,2.4182569034794845,0.9872691537890754,-2.56917249505109,0.11347064992642403,-0.28388302385631203,0.3328526326236725,-2.006816397705639,0.7458459246326669,2.0707637414481423,0.300365,0.038743,0.137672,-0.00018554925583472222,-0.0009180910322759768,0.0009819147455260233,0.298601,-0.107871,0.132136,0.225609,-0.107777,0.133205,0.299042,0.039343,0.124292,0.298317,0.197807,0.129513,0.223188,0.038931,0.125412,0.380889,0.19762,0.130643,0.377941,-0.107401,0.133968,0.380536,0.039145,0.123754,0.218666,0.195991,0.127936
0.1411675626069307,-0.08154119700056311,0.1973466230765283,2.4121090625373522,0.9884983149340769,-2.5696898748754213,0.11420838776499032,-0.2836848229572475,0.33182305732870104,-2.0087851257061082,0.7451324522617676,2.073832059107114,0.30035,0.038686,0.137727,-0.0002455542418041941,-0.0008741251638037268,0.0010198925889877211,0.298563,-0.107884,0.13216,0.225609,-0.107811,0.133253,0.299047,0.039285,0.124353,0.298277,0.197768,0.12956,0.223168,0.038914,0.125452,0.380854,0.197586,0.130667,0.377939,-0.107456,0.134027,0.380536,0.039094,0.123815,0.21864,0.195965,0.127977
0.1427936192065477,-0.08117064344561098,0.19630598782527447,2.4102841095091483,0.9878511825278704,-2.5654603931192974,0.11489272631689906,-0.2839337980308533,0.33090003296089177,-2.012668195923096,0.7438284078992621,2.078835206805616,0.300371,0.038639,0.137703,-0.0003014580699204302,-0.0009981635861398361,0.001085849441016978,0.298572,-0.1079,0.132153,0.225651,-0.107854,0.133295,0.299084,0.039234,0.124374,0.29828,0.19776,0.129551,0.223157,0.038898,0.125441,0.380859,0.197566,0.130658,0.377972,-0.107507,0.134037,0.380563,0.039044,0.12382,0.218633,0.195948,0.127948
0.1441884594246745,-0.08092269729131457,0.1954365299962759,2.4049081192116146,0.9875113160062396,-2.5658363969872875,0.1156778621174693,-0.2835890916597843,0.33005752572083474,-2.0194038098529346,0.7430542529017025,2.082225559268922,0.300392,0.038605,0.13786,-0.0007881222297092753,0.00022557280175044726,0.0010840887833280099,0.298597,-0.107929,0.132103,0.22569,-0.107891,0.133254,0.299117,0.039213,0.124346,0.298316,0.197739,0.129496,0.223185,0.03887,0.125387,0.380886,0.197553,0.130618,0.378005,-0.107532,0.134012,0.380597,0.039022,0.123787,0.218668,0.19592,0.127903
0.14513103390038012,-0.08095105133658642,0.1945911616473198,2.402626272546141,0.9874566562554892,-2.5652332553245403,0.11642902791994808,-0.28313733574602007,0.32908245532321934,-2.020928667623566,0.7425541630409203,2.085082682009702,0.300406,0.038623,0.137501,-0.00044909371121870005,-0.0016102524104716952,0.0011256383038312774,0.298599,-0.107925,0.132092,0.225663,-0.107838,0.133201,0.299101,0.039243,0.124317,0.298314,0.197757,0.12948,0.223189,0.038879,0.125375,0.380892,0.197574,0.130607,0.377982,-0.107482,0.133997,0.38058,0.03906,0.123751,0.218671,0.195932,0.127885
0.14749836630225183,-0.0808541316604316,0.19340868036198616,2.3988591470565632,0.9847570502086016,-2.561761960650833,0.11695496900928018,-0.2831597090214789,0.32822530272293093,-2.0267653275300264,0.7414542904326994,2.0863180224974913,0.300394,0.038669,0.137511,-0.0003932044913194342,-0.0015042076632961273,0.0010577041706453104,0.298623,-0.107932,0.1321,0.225624,-0.107799,0.133163,0.299064,0.039296,0.124287,0.298328,0.19775,0.129481,0.223208,0.038875,0.125376,0.380906,0.197569,0.130597,0.377954,-0.107442,0.133977,0.380559,0.039098,0.123734,0.21868,0.195931,0.12789
0.14882907928824424,-0.08068387732437249,0.19236314101445673,2.397459254912211,0.9837134393960583,-2.561607851495775,0.11782321065354345,-0.2828427981549799,0.3272606932969093,-2.0283085007880364,0.7401915138683841,2.087196877946065,0.300378,0.038711,0.1375,-0.0003692092303357826,-0.001518192014554425,0.0010417196404098944,0.298637,-0.107924,0.132092,0.225699,-0.107784,0.133284,0.299027,0.039344,0.124266,0.298342,0.197756,0.129488,0.223215,0.038884,0.125364,0.380915,0.197575,0.130603,0.377931,-0.107407,0.133968,0.380539,0.03913,0.123722,0.218692,0.195932,0.127889
0.15036796618700027,-0.08036140425291655,0.19143392543274163,2.3933348535784083,0.9832051037140788,-2.5605603586483956,0.11850883698970077,-0.2825433384433389,0.32637373231983186,-2.037481569681053,0.7400258105649288,2.0864535766825716,0.300349,0.038728,0.137697,-0.0002695377046280331,-0.0009101368457700127,0.0010158772544949764,0.298608,-0.107909,0.132166,0.225659,-0.108001,0.13298,0.299002,0.039344,0.124315,0.298312,0.19776,0.12954,0.223197,0.038891,0.125423,0.380883,0.197574,0.130656,0.377919,-0.107412,0.133995,0.380516,0.039133,0.123789,0.21867,0.19594,0.127958
0.15048076177984476,-0.08106182287430758,0.1908878583894968,2.392924772813811,0.9837987476499082,-2.552202698967115,0.11803804557338357,-0.28154154213279486,0.3261386732096672,-2.04385648064517,0.7396807684273252,2.0882828092630055,0.300364,0.03872,0.137727,-0.0002575435730358002,-0.0009021302408804838,0.0010118837446992251,0.29859,-0.107879,0.132164,0.225644,-0.107961,0.132994,0.299038,0.039324,0.12435,0.298296,0.197785,0.129552,0.223179,0.038924,0.125438,0.380875,0.197592,0.130662,0.37794,-0.107417,0.134032,0.380533,0.039129,0.123808,0.218657,0.195968,0.127957
0.15137491790354252,-0.08042528756439682,0.19052945165741442,2.389226930375786,0.9848870623300297,-2.552476837245371,0.11876833176717161,-0.28170426164913176,0.3254477098591328,-2.0414642537222534,0.7387503014851982,2.0934705652853873,0.300435,0.038718,0.137729,-0.0004276251782016699,-0.0009121756489644232,0.0008218049190619352,0.298613,-0.107875,0.132178,0.225666,-0.107956,0.132989,0.299103,0.03929,0.124383,0.298329,0.197785,0.129546,0.223203,0.038919,0.125438,0.3809,0.197603,0.130668,0.377995,-0.107458,0.134046,0.38059,0.039088,0.123823,0.218683,0.195971,0.127963
0.15219632149487733,-0.08017573728215693,0.18995577723133564,2.3845763523531627,0.9836998720650685,-2.540328242152007,0.11972593063497541,-0.28176977586397534,0.3245221619167328,-2.0436619253149546,0.7375353847306002,2.096661705520895,0.300375,0.038641,0.137914,-0.0006220754131934932,0.00012763234089946095,0.00118203956085525,0.298592,-0.107881,0.132186,0.22565,-0.107956,0.133006,0.299108,0.039252,0.124377,0.298305,0.197783,0.129566,0.223187,0.03892,0.125452,0.380882,0.197601,0.130682,0.378012,-0.107494,0.134052,0.380596,0.03905,0.123825,0.218655,0.19597,0.127981
0.15287997029125688,-0.08004077376085517,0.18993345835137365,2.3830030653284364,0.9833841143977866,-2.5434439435262552,0.12071039793336391,-0.28214056684207917,0.3238416595377922,-2.0513905003105317,0.7378666107344551,2.100898335493266,0.300343,0.038618,0.137802,-0.0006778428024754531,-0.0002564154867882143,0.001225912941735885,0.298571,-0.107893,0.13218,0.225617,-0.107969,0.132979,0.299082,0.039232,0.124371,0.298281,0.197776,0.129552,0.223169,0.038906,0.125448,0.380858,0.197586,0.130674,0.377978,-0.107501,0.134039,0.38057,0.039044,0.123815,0.21863,0.195954,0.127964
0.1535204092502594,-0.07921967702782151,0.18962826281118395,2.3767664671797206,0.9832439511797908,-2.5386012084495793,0.12143712084063887,-0.2813419988372028,0.3231365900523663,-2.0492741270546637,0.7369415618839943,2.1041875840063744,0.300384,0.03864,0.137504,-0.00038114470602101973,-0.0015902046628692378,0.0010756968470742017,0.298586,-0.107917,0.132107,0.225647,-0.107998,0.132912,0.29907,0.039257,0.124287,0.29831,0.197757,0.129491,0.223186,0.038883,0.125372,0.380878,0.197562,0.130615,0.377961,-0.10749,0.133966,0.380567,0.039062,0.123751,0.21866,0.195936,0.127909
0.15481178753376007,-0.07914428301447629,0.1891335431702733,2.375700631694748,0.9817362205193572,-2.537878412169478,0.1221312990644276,-0.281201863168329,0.32227385107755663,-2.0553589805043773,0.7368480095012261,2.100836924204998,0.300388,0.038662,0.13755,-0.0005274399149480782,-0.0012562349855376753,0.0008916686465674373,0.298594,-0.107947,0.132083,0.225651,-0.108023,0.13291,0.299034,0.039283,0.124274,0.298316,0.19773,0.129483,0.223197,0.038854,0.125357,0.380894,0.197546,0.130607,0.377937,-0.107463,0.133962,0.380543,0.039077,0.123739,0.218663,0.195909,0.127889
0.15506050452440978,-0.07866486553341145,0.18880980292397737,2.3703935499457867,0.9807764538601973,-2.537043451388916,0.1227884566167593,-0.2809246188031435,0.3214671915380955,-2.060188849283201,0.7345719594938199,2.1067159316794735,0.300361,0.0387,0.13763,-0.0002855363516041668,-0.0009541386788024825,0.0009718637028226116,0.298598,-0.107944,0.132062,0.225644,-0.108022,0.132894,0.299014,0.039311,0.124271,0.298312,0.197736,0.129465,0.223183,0.038869,0.125352,0.380883,0.197558,0.130593,0.377926,-0.107448,0.133952,0.380529,0.039099,0.123723,0.218665,0.195914,0.12788
0.1559023254930973,-0.07814545324078198,0.1889047630019784,2.364978236835209,0.979862855169082,-2.5381332633967366,0.12344337617510556,-0.2809374373739064,0.3210213168890476,-2.0668626017199543,0.7333430460024178,2.1081066726833084,0.300417,0.038692,0.137539,-0.00040137800129231844,-0.0013981783290373082,0.0008897193421915314,0.298521,-0.107657,0.132303,0.225679,-0.10801,0.132927,0.29905,0.039304,0.124299,0.298342,0.197739,0.1295,0.223215,0.038879,0.12539,0.380909,0.197556,0.130631,0.377956,-0.107449,0.133985,0.380561,0.039101,0.123761,0.218699,0.19592,0.127907
0.15574840346872804,-0.07842307576203345,0.1888191218717694,2.3661972440395616,0.9801967676821488,-2.539680159787906,0.12335373138809202,-0.2796067275926173,0.3206314785373211,-2.06621969073442,0.7321740927254541,2.1065747606082708,0.300412,0.038708,0.137684,-0.0002435247578773123,-0.0009301243602782333,0.001021886656881252,0.298552,-0.107658,0.132305,0.225687,-0.107974,0.132949,0.299093,0.039302,0.124325,0.298343,0.197781,0.129528,0.22322,0.038917,0.125408,0.380915,0.197596,0.130638,0.377987,-0.107441,0.133992,0.380582,0.03911,0.123774,0.218705,0.195962,0.127928
0.15648859589993952,-0.07754440384227035,0.18866075800272822,2.367320003977701,0.9797379185959381,-2.5377271118082554,0.1238928878944218,-0.27940068288639186,0.3201204223291874,-2.0702737677978513,0.731926756840896,2.1087440020286303,0.300387,0.038719,0.137768,-0.00022362368747134263,-0.0007141178103930622,0.0010539200555918103,0.298563,-0.10769,0.132333,0.225668,-0.107934,0.132975,0.299089,0.039312,0.124367,0.298315,0.19781,0.129555,0.223205,0.038943,0.125439,0.380889,0.197617,0.130668,0.377987,-0.107435,0.134024,0.380574,0.039119,0.123809,0.218676,0.195989,0.127959
0.15665410166084764,-0.07722008819141979,0.18837337330150605,2.364103772373716,0.9784333074735612,-2.529704634857902,0.12470632994294165,-0.27905900348788504,0.31957936362314227,-2.0704726216608185,0.7306858332463007,2.114385602449678,0.300384,0.0387,0.137736,-0.00028353622942877397,-0.0009041453742919383,0.0010258717310014844,0.298568,-0.107751,0.132331,0.225651,-0.10796,0.132982,0.299076,0.039296,0.124379,0.298314,0.197787,0.129562,0.223192,0.038918,0.12546,0.380887,0.197601,0.130673,0.377971,-0.107449,0.134038,0.380566,0.039104,0.12382,0.218663,0.195963,0.127958
0.15722370482087134,-0.07670414428353306,0.18848699457246065,2.3689004065590735,0.9777617733929125,-2.5328356909717797,0.12575662427112458,-0.27890389088520406,0.31917958195614815,-2.07322293505126,0.7310842435868155,2.115359196044177,0.300414,0.038713,0.137724,-0.0004016535164279578,-0.0009001545394887974,0.0007698191868228927,0.298571,-0.107798,0.132329,0.225645,-0.107992,0.132963,0.299074,0.039275,0.124379,0.298323,0.197744,0.12955,0.223187,0.038883,0.125432,0.380894,0.197567,0.130662,0.377965,-0.107464,0.134039,0.380564,0.03907,0.12382,0.218671,0.195931,0.127941
0.15692736117243766,-0.0760332286098599,0.18816178659188748,2.3658369721714854,0.9765635535711035,-2.5289116187319367,0.12625254623442886,-0.2787209564564526,0.31865862557077407,-2.0757611251950205,0.7304908722478484,2.1184301349166725,0.300378,0.038656,0.137598,-0.000395251067466786,-0.001446204431403524,0.0010357141003626148,0.298571,-0.107821,0.132309,0.225637,-0.107982,0.132961,0.299084,0.039277,0.124379,0.298309,0.197769,0.129542,0.22318,0.038896,0.125431,0.380886,0.197572,0.130656,0.377961,-0.107463,0.134033,0.380558,0.039076,0.123809,0.218654,0.195939,0.127946
0.15735829283893105,-0.07530486781388518,0.18801045852842926,2.3715923339891445,0.974590336569011,-2.5268168202901,0.12716094674283265,-0.27834321660220623,0.31806584437012675,-2.0797010108014278,0.7302620481764829,2.1194797437033577,0.300399,0.038673,0.137608,-0.0004894244935939146,-0.0012542244062344506,0.0009176930114128236,0.298584,-0.107833,0.132278,0.225648,-0.107969,0.13296,0.299082,0.039283,0.124344,0.29832,0.197782,0.129539,0.223189,0.038902,0.125427,0.380886,0.197598,0.130651,0.377975,-0.107456,0.134009,0.380568,0.039093,0.123791,0.21866,0.19596,0.127927
0.15768697094619272,-0.07509340473160142,0.18787613754469157,2.3699692380678963,0.9731210629474982,-2.5257867419644953,0.12795133370247483,-0.27826846354067325,0.3176258796308041,-2.0843708994047816,0.7290825296207702,2.1182402841657453,0.300402,0.038708,0.137521,-0.00035921505743585666,-0.001484189704334345,0.0010577333296126795,0.298607,-0.1078,0.132229,0.225673,-0.107938,0.132932,0.299047,0.039355,0.124267,0.298334,0.197826,0.129497,0.223203,0.038936,0.125371,0.380908,0.197625,0.130609,0.377982,-0.107406,0.133972,0.380573,0.03914,0.123744,0.218681,0.19599,0.1279
0.1575898842334747,-0.07435617787712812,0.18791441512274742,2.3650647470239052,0.9713202193736652,-2.52715705884993,0.12873378140971065,-0.27825372350037103,0.3173055582098961,-2.0891463823996546,0.727875107892977,2.1185990159594104,0.300361,0.038707,0.137683,-0.00027153087524493764,-0.0009421351352929613,0.0009958720082634943,0.29857,-0.107804,0.132264,0.225639,-0.107976,0.132966,0.298983,0.039344,0.12426,0.2983,0.197774,0.129531,0.223185,0.038888,0.125401,0.380869,0.197581,0.130644,0.377938,-0.107412,0.134001,0.380531,0.039123,0.123776,0.21865,0.195954,0.127944
0.15766655356884002,-0.07424345537298915,0.18757145454663038,2.369553539758578,0.9717183570938637,-2.530149360548379,0.12885322027307747,-0.27729914796179533,0.31710142906522754,-2.0852107953259993,0.7281599189115591,2.1210517228993995,0.300342,0.038679,0.137774,-0.000265631316097209,-0.0007301340984820224,0.0010099029408959645,0.298558,-0.107837,0.132294,0.225621,-0.108016,0.132979,0.298986,0.03929,0.124311,0.298285,0.197724,0.129579,0.223169,0.038858,0.12544,0.380851,0.197534,0.130669,0.377926,-0.107454,0.134077,0.380519,0.03909,0.123837,0.21864,0.195908,0.127969
0.15768630425631996,-0.07323632315331696,0.18779549370023607,2.3684154251982017,0.9726473776432265,-2.5303706935025443,0.12939615261283516,-0.2770027678657174,0.31647998264551164,-2.0865779156339004,0.7279871720889378,2.1196928109169235,0.300441,0.038685,0.137717,-0.00035168430338451017,-0.0008201353271063808,0.0007698557475854197,0.298627,-0.107884,0.132259,0.225672,-0.108017,0.132954,0.29917,0.03918,0.124406,0.298341,0.197716,0.129552,0.223226,0.038854,0.125418,0.380907,0.197526,0.130652,0.377988,-0.107463,0.134046,0.380579,0.039067,0.123813,0.218705,0.195899,0.127941
0.15742487848997117,-0.07247564134702084,0.18777784594285488,2.3678840054676416,0.9713959621711337,-2.5299688487312757,0.13041286452847717,-0.2765163991787434,0.3162879537174702,-2.0883799353206793,0.7277058828299388,2.120313289603879,0.300458,0.038689,0.137729,-0.0002756461734877971,-0.0007881237093483597,0.0008978913180054395,0.298679,-0.107897,0.132262,0.225703,-0.107986,0.132982,0.299079,0.03919,0.124134,0.298362,0.197771,0.129557,0.223246,0.038894,0.125448,0.380938,0.197585,0.130677,0.378045,-0.107443,0.13406,0.380619,0.039071,0.1238,0.218717,0.195946,0.127955
0.15718216170817612,-0.07170455438649653,0.18810025823909043,2.3688524701774583,0.9713611165800302,-2.5321280621783857,0.13138701705011724,-0.27660110176748043,0.3160167665095329,-2.0922772093850224,0.727665247142443,2.1240443998252596,0.300446,0.03868,0.137594,-0.0003033321180015832,-0.0012821578308287594,0.0010418054458661587,0.298678,-0.107893,0.132239,0.225692,-0.107939,0.132977,0.299068,0.039211,0.124112,0.298358,0.197825,0.129544,0.223232,0.03894,0.12544,0.380927,0.197628,0.130665,0.378057,-0.107426,0.134049,0.380627,0.039098,0.123776,0.218711,0.19599,0.127945
0.156606766679883,-0.07076657308763262,0.18804109456929563,2.3671874299222972,0.9716160652746022,-2.5287719280518965,0.13195165418070554,-0.27646915208527445,0.3155980903866291,-2.0927380868531404,0.7265983345918576,2.127422769598172,0.300425,0.038682,0.137588,-0.00030334960615201656,-0.0012881529837309896,0.001009804533762942,0.298645,-0.107888,0.132231,0.225681,-0.107947,0.132963,0.299055,0.039206,0.1241,0.298347,0.197815,0.129536,0.223222,0.038923,0.125427,0.380918,0.197618,0.130657,0.378047,-0.107419,0.134055,0.380597,0.039095,0.123772,0.218685,0.195975,0.127933
0.15633938237279654,-0.0701295608748197,0.18811875635045766,2.3704489763870287,0.9697880870387894,-2.5291617886361375,0.13299988555353878,-0.2761274200437665,0.3155351520049572,-2.0962752186299474,0.7269432864279335,2.126398998487648,0.300372,0.038656,0.137608,-0.00035336176046955967,-0.0013001732768099165,0.0009817702052924086,0.298589,-0.107881,0.132264,0.225624,-0.107998,0.132957,0.299012,0.039173,0.124107,0.298302,0.197763,0.129553,0.223178,0.038889,0.125438,0.380874,0.197572,0.130663,0.377985,-0.107433,0.13408,0.380547,0.039066,0.123797,0.218645,0.195932,0.127948
0.15614950076341627,-0.06950061265653368,0.18827201809558272,2.372995222157348,0.9698029232568501,-2.524395452751762,0.133874853682518,-0.27578613546776776,0.3155007494282723,-2.097126328114866,0.7276927891084124,2.12624097675808,0.300345,0.03866,0.137588,-0.00039132290795079077,-0.00138219147516972,0.000979729479927134,0.298566,-0.10787,0.132273,0.225598,-0.107986,0.13296,0.298973,0.039182,0.124103,0.298272,0.197769,0.129551,0.223138,0.038901,0.125422,0.380848,0.197574,0.130654,0.377987,-0.107407,0.134179,0.380514,0.039073,0.123803,0.21862,0.195947,0.12795
0.15565348349809643,-0.06864188394904136,0.18877755936461688,2.3686989239550975,0.9690485210897957,-2.528182830358322,0.1346476742647886,-0.27546635555770993,0.31535830766248707,-2.099020859702179,0.7254719133344728,2.1286846966802724,0.300371,0.038715,0.137728,-0.0007758434472601666,-0.00036832967387881194,0.0008498570657321844,0.298592,-0.107835,0.132281,0.225624,-0.10797,0.132947,0.299009,0.039221,0.124095,0.298296,0.197798,0.129523,0.223162,0.038917,0.125402,0.380876,0.197598,0.130641,0.378073,-0.107404,0.134258,0.380546,0.039111,0.123778,0.218646,0.195967,0.127914
0.15649022095650433,-0.06773056585788723,0.18775403603124619,2.3688970360322408,0.9684593670620636,-2.5479398861908207,0.13452774779379367,-0.2759766241671741,0.31520005580973626,-2.105097676764574,0.727616484317448,2.133678482901904,0.300405,0.038747,0.13773,-0.00039969650485604375,-0.0007421634121429424,0.0008178516343183368,0.298626,-0.107814,0.132286,0.22566,-0.107943,0.132943,0.299031,0.039232,0.124099,0.298325,0.197821,0.129527,0.223184,0.038932,0.125406,0.3809,0.197619,0.130642,0.377971,-0.107482,0.133832,0.380563,0.039124,0.12378,0.218669,0.195992,0.127932
0.1553684735774994,-0.06797083821094035,0.18830748834061622,2.375094685870895,0.9690822930072238,-2.5480548594851165,0.1353351760149002,-0.27512330744117497,0.31505314925813677,-2.0972425753919017,0.7262929348249444,2.134810847144121,0.300382,0.038729,0.137768,-0.0002996461505756347,-0.0007021509770336165,0.001007894716226832,0.298625,-0.107807,0.132315,0.225657,-0.107956,0.132964,0.299041,0.039221,0.124123,0.298324,0.197807,0.129555,0.2232,0.038922,0.12543,0.380894,0.197616,0.130661,0.377983,-0.107491,0.133835,0.380569,0.039127,0.123796,0.218668,0.195981,0.127959
0.15483699674457307,-0.06689967093795535,0.18873520474690197,2.3730439075449254,0.968879563895958,-2.543503115449704,0.13602682868123053,-0.2745986672924161,0.3149660535812378,-2.102249618477204,0.7252205138811652,2.135129886275857,0.300403,0.038687,0.13777,-0.00031368948481168236,-0.0006621470798718796,0.000937896076932713,0.298638,-0.10785,0.132311,0.225674,-0.107999,0.132989,0.299053,0.039168,0.12413,0.298335,0.197759,0.129573,0.223214,0.038885,0.125449,0.380909,0.197566,0.130674,0.378004,-0.107537,0.133877,0.380573,0.039079,0.12381,0.218685,0.195936,0.127962
0.1542541847914457,-0.06633211312961573,0.18923225412476063,2.3762069597255566,0.9679981754151064,-2.5426333256255926,0.13704777903240917,-0.2748436941409409,0.31487764219450953,-2.102130194023786,0.7246130555038662,2.1384281218067605,0.300432,0.038648,0.137572,-0.00037136348832253425,-0.0012861836032003985,0.0009897610982913404,0.298657,-0.107852,0.132254,0.225703,-0.10803,0.132944,0.299077,0.039144,0.124097,0.298363,0.197739,0.129527,0.22324,0.038867,0.125411,0.380934,0.19756,0.130653,0.378022,-0.107545,0.133842,0.380595,0.039068,0.123783,0.218721,0.195911,0.127923
0.15358041133880612,-0.06534028515762086,0.18949882262635231,2.372526344424675,0.9679924166199381,-2.541922139026675,0.13791009436857699,-0.27451965014779567,0.31467096790623666,-2.103911842403175,0.7238829676518576,2.1419098422843197,0.300428,0.038652,0.137559,-0.00037737157623133466,-0.0012621877184676952,0.0009957617607438312,0.298653,-0.107844,0.132234,0.225704,-0.108014,0.132939,0.299081,0.03915,0.124077,0.29836,0.197748,0.129509,0.223238,0.038866,0.125404,0.380925,0.197562,0.130629,0.378024,-0.107535,0.133823,0.380589,0.039077,0.123741,0.218707,0.195922,0.127913
0.15313539584875108,-0.06481742615765329,0.19017046249109507,2.3752137778189697,0.9674454286856422,-2.53960900367743,0.13876350773984192,-0.274532442397058,0.31465593430376054,-2.105981679369683,0.7241208218759999,2.139041485771295,0.300431,0.038662,0.137581,-0.0004034310664172559,-0.0011781946729084837,0.0009657622646835677,0.298659,-0.107843,0.132242,0.225703,-0.108,0.132941,0.299078,0.039171,0.124088,0.298361,0.197762,0.129523,0.223239,0.03888,0.125406,0.380927,0.197581,0.13064,0.378014,-0.107519,0.13383,0.3806,0.039077,0.123754,0.218726,0.195929,0.12793
0.15240012025535105,-0.06461539274638889,0.19038486818242073,2.3746407882574774,0.9670904331258572,-2.5335431325122517,0.13963084918540714,-0.2743985186023116,0.314600178403616,-2.1057882453958374,0.7232955562137232,2.1410598201845064,0.300435,0.038699,0.137738,-0.00035977258518620755,-0.0005301543128573033,0.0008579045798671754,0.29868,-0.107851,0.132273,0.225673,-0.107959,0.132947,0.299055,0.0392,0.12408,0.29834,0.197793,0.129518,0.223216,0.038916,0.125398,0.380912,0.197601,0.130635,0.377987,-0.107494,0.133812,0.380603,0.039071,0.123756,0.218694,0.195962,0.127921
0.15167071986645458,-0.06358220428633687,0.19131310527461767,2.373599669969275,0.9668109851501454,-2.535688114737266,0.14076770011895895,-0.2737522204780579,0.3149500709421635,-2.107255913991593,0.7221075493144002,2.1406512853338917,0.300333,0.038673,0.137941,-0.0005462068895735514,0.00036168753874203766,0.0011440986533501588,0.298641,-0.107858,0.132327,0.225615,-0.107941,0.132976,0.298993,0.03922,0.124116,0.298284,0.197796,0.129557,0.223163,0.038929,0.125445,0.380852,0.197606,0.130659,0.377933,-0.107475,0.133816,0.380564,0.039056,0.123805,0.21863,0.195977,0.127957
0.15191852015852925,-0.06381753419113156,0.19094281688410042,2.376396083731148,0.9671911632379546,-2.52954771690901,0.14061191573315857,-0.27342930830943585,0.3150866243672371,-2.1085348209317116,0.7231401472844335,2.1441682049644823,0.300301,0.038667,0.137906,-0.0005780673627429913,0.00011967453792637909,0.001126034471004259,0.298601,-0.107846,0.13235,0.225579,-0.107942,0.133002,0.298959,0.039223,0.124128,0.298247,0.197795,0.129551,0.223111,0.038933,0.125453,0.380822,0.197603,0.130669,0.377893,-0.10747,0.133839,0.380534,0.039059,0.123828,0.218597,0.195983,0.127983
0.15144267026185987,-0.06317458236944673,0.1917228128142953,2.3793557807928964,0.9676130193857111,-2.5298688556707645,0.14149921158319712,-0.27336332030758265,0.31497319292473797,-2.1079900286285627,0.7235358485791152,2.1431373191315384,0.300334,0.038683,0.137779,-0.00041773545794220344,-0.0005701937889159344,0.0009278808383150565,0.298577,-0.107804,0.132335,0.225594,-0.107968,0.132956,0.298978,0.039202,0.124094,0.298264,0.197784,0.129536,0.223128,0.038915,0.125432,0.380839,0.197591,0.130649,0.3779,-0.107494,0.133812,0.380525,0.039081,0.123806,0.218611,0.195959,0.12794
0.15113140942752362,-0.06240043889486785,0.19220033899652958,2.374783099390397,0.9675602141622182,-2.525831869918771,0.14233919699054956,-0.2726412425832748,0.3148604732596874,-2.1087112476672765,0.7232537466063663,2.143388206711659,0.300327,0.038687,0.137788,-0.0003837715084141644,-0.0005181692125528559,0.0008819005135289901,0.298539,-0.107783,0.132322,0.225602,-0.107997,0.132977,0.298984,0.039171,0.124095,0.298272,0.197753,0.129544,0.223137,0.038885,0.125446,0.380849,0.197562,0.130645,0.377914,-0.107527,0.133828,0.380502,0.039093,0.123821,0.218623,0.195933,0.12796
0.1506683099746704,-0.06184137862914796,0.19315280535298585,2.3766061799036953,0.9669140578229891,-2.528436370815124,0.14362125497519967,-0.27232996451789143,0.3147135667080879,-2.107217974767737,0.7237237660584016,2.143138816967837,0.30037,0.038707,0.137792,-0.0003798350411329522,-0.00038816141101421104,0.0008499262301683504,0.298554,-0.107756,0.13227,0.225658,-0.107992,0.132952,0.299029,0.039155,0.124089,0.298319,0.197754,0.129533,0.223195,0.038884,0.125429,0.380893,0.197568,0.130644,0.377968,-0.107529,0.133829,0.380534,0.039105,0.123785,0.218664,0.195931,0.127938
0.149928200879693,-0.06113603923690314,0.19343737107250095,2.3740891453659225,0.9668659377209892,-2.526341572373288,0.14443368430018425,-0.2723060645954013,0.31481215866923334,-2.1087693713057947,0.7234530420781515,2.1456637945092636,0.300426,0.038696,0.137636,-0.0004655752010799372,-0.0009442093874814467,0.0008997801389919879,0.298597,-0.107748,0.132253,0.225712,-0.107989,0.132945,0.299083,0.039168,0.124088,0.298369,0.197766,0.129534,0.223244,0.038891,0.125422,0.380934,0.19759,0.130642,0.378029,-0.107508,0.133823,0.380583,0.039121,0.123771,0.218714,0.195937,0.127917
0.149587522354722,-0.06078894063377377,0.1941641907568574,2.3808170914261932,0.9663564307586365,-2.5240413574756815,0.145516498306334,-0.27224139266857506,0.3148144449846745,-2.108999996932582,0.7237223212339573,2.143631979569358,0.300451,0.038693,0.13763,-0.00047153442341012826,-0.0009742252621973193,0.0009557702367937117,0.298622,-0.107734,0.132259,0.225728,-0.107976,0.132958,0.299102,0.03918,0.124084,0.298375,0.197776,0.129523,0.22325,0.038906,0.125426,0.380944,0.197599,0.130638,0.37805,-0.107493,0.133817,0.380601,0.039126,0.123771,0.218737,0.195946,0.127923
0.14890195682495833,-0.06030965321713683,0.19463034782278538,2.378510902066931,0.9665787788161535,-2.518926356649973,0.14638361470222472,-0.2722022789187729,0.3148020212328434,-2.1076885706577295,0.7225684483121309,2.142712682540706,0.300432,0.038689,0.137876,-0.0004439000552473837,-0.00020821306101853856,0.00095995371337644,0.298619,-0.107745,0.132311,0.225699,-0.107973,0.132982,0.299072,0.039176,0.124118,0.298348,0.197767,0.129562,0.223229,0.038898,0.125452,0.380913,0.197579,0.130666,0.378023,-0.107507,0.133863,0.380597,0.039087,0.123832,0.218708,0.195939,0.127951
0.14865899003446098,-0.05932029646927117,0.19522054008382558,2.3789591821356284,0.9667888284297519,-2.523377545866107,0.1474853828920722,-0.2715741163083911,0.31497524198102955,-2.107692495405025,0.7216154059880617,2.146648247416932,0.300325,0.038636,0.137757,-0.0006677337363597819,-0.0004543912334959466,0.0011718481596603545,0.298551,-0.107789,0.132302,0.225594,-0.107947,0.132978,0.298974,0.039219,0.124112,0.298262,0.197798,0.129552,0.223125,0.038935,0.125452,0.380841,0.197609,0.130667,0.377906,-0.107483,0.133844,0.380547,0.039059,0.123817,0.21861,0.19598,0.127966
0.1484349822372198,-0.059420532788336256,0.19487851140248774,2.377843537754134,0.967325177233991,-2.530323693019046,0.1477729713705778,-0.27068550245016815,0.31512389562273024,-2.1062489359712275,0.7214652345473827,2.1472563689544195,0.30031,0.038725,0.1379,-0.0003960491701937672,0.00011382890217023055,0.0008640224871737373,0.298522,-0.107734,0.132312,0.225586,-0.107923,0.132975,0.298963,0.039227,0.124106,0.298257,0.197824,0.129541,0.223114,0.038951,0.125431,0.380838,0.19762,0.130657,0.377894,-0.107472,0.133814,0.380502,0.039121,0.123794,0.2186,0.196004,0.127937
0.14797238280177116,-0.05914000549486276,0.19565665519180891,2.3809976018632124,0.9673615845322587,-2.5340578907956703,0.14852553748214242,-0.2701834198273718,0.3150708574182987,-2.101855648605836,0.7218557886549816,2.146306740740708,0.30031,0.038725,0.137751,-0.0004498504244359644,-0.0003621857659396152,0.0008259184883241429,0.298569,-0.107754,0.132349,0.225604,-0.107944,0.132959,0.298981,0.039209,0.124096,0.298277,0.197799,0.129531,0.223142,0.03893,0.125427,0.380848,0.197608,0.130651,0.377916,-0.107487,0.133804,0.380489,0.039147,0.12377,0.218613,0.195984,0.127925
0.14763070424199104,-0.05869284399190544,0.19586386199596523,2.378238638399477,0.967094727820559,-2.5290810826266235,0.1492964576449394,-0.26984200364387034,0.3151685866189003,-2.1032003417863354,0.7208382710400856,2.142857972661732,0.300343,0.03868,0.137755,-0.0004938080271913186,-0.0004582068696068709,0.0008378868178405244,0.298642,-0.107809,0.132443,0.225631,-0.107981,0.132982,0.299004,0.039173,0.124131,0.298295,0.197755,0.129563,0.223166,0.038895,0.125472,0.380868,0.197564,0.130676,0.377943,-0.107515,0.133855,0.380504,0.039102,0.123808,0.218641,0.19594,0.127966
0.1471906055897474,-0.058125871473491186,0.19648478348734974,2.3854759085144073,0.9661440385842917,-2.531579223863107,0.15055451033097506,-0.2695113003110886,0.3150916068093777,-2.101680343226641,0.7214177359437763,2.146166318587655,0.300444,0.03865,0.137751,-0.0006318258098800844,-0.00043225457592818527,0.0008058634015606957,0.298785,-0.107842,0.132547,0.225692,-0.107984,0.132978,0.299078,0.039174,0.124138,0.298351,0.197742,0.12956,0.223235,0.038885,0.125465,0.380926,0.197561,0.130681,0.378001,-0.107524,0.133843,0.38059,0.039065,0.123815,0.218709,0.195926,0.127946
0.1468789697423577,-0.057576522685050924,0.1964201099896729,2.382819558867566,0.9651486454804461,-2.5311580920408407,0.15135361171412468,-0.26894054489338404,0.31507370452809336,-2.1006855132336186,0.7205838916363616,2.145660049918515,0.30047,0.038658,0.137917,-0.0006801516618768651,0.000285638804484314,0.001062097039044011,0.29889,-0.107849,0.132624,0.225743,-0.107971,0.132984,0.299119,0.039199,0.124146,0.298393,0.197762,0.129568,0.223279,0.038902,0.125478,0.38096,0.197583,0.130686,0.378057,-0.107503,0.133863,0.380665,0.039048,0.123825,0.218758,0.195942,0.127957
0.14685759399831294,-0.05786537410190701,0.19650954859110714,2.387203116264475,0.9636915726961546,-2.52898577088917,0.15256855488473176,-0.26870046648696067,0.3151593119430542,-2.10324519604114,0.7202522141248677,2.1459210478936557,0.30043,0.038675,0.137973,-0.0006122988948212396,0.00048362154453849356,0.001236147903123476,0.298695,-0.107863,0.132157,0.22573,-0.107931,0.132991,0.2991,0.039226,0.124142,0.298368,0.197799,0.129571,0.223263,0.03894,0.125475,0.380938,0.197619,0.130678,0.378051,-0.107464,0.133859,0.380643,0.039082,0.123839,0.21873,0.195975,0.127967
0.14666996246725317,-0.057296710745930624,0.19649937928932903,2.391909869734304,0.9633907488536313,-2.52657563852617,0.1534201678586006,-0.26824236709156635,0.3151482254700661,-2.10087707828018,0.7191768132306722,2.145402047615973,0.300417,0.038668,0.137909,-0.0005420797245187258,0.00016173274245716288,0.000986043756139314,0.298663,-0.107881,0.132162,0.225696,-0.107955,0.132982,0.299063,0.039206,0.124143,0.298333,0.197769,0.12956,0.223225,0.038915,0.125457,0.380899,0.197581,0.13066,0.378017,-0.107494,0.133845,0.380592,0.039083,0.12383,0.218701,0.195945,0.127959
0.1469722646564245,-0.05676795549190039,0.19640663246142864,2.3967379621700973,0.9627828543399277,-2.5293192683437966,0.15429608619731663,-0.267682693025589,0.31547266657257084,-2.1004421789013032,0.7187226868475242,2.1468085159009496,0.300369,0.038644,0.137826,-0.0005299510964682866,-0.00010424853965546992,0.0009379723079109172,0.298602,-0.107908,0.132114,0.225637,-0.107991,0.132946,0.299016,0.039166,0.124094,0.298299,0.197732,0.129537,0.223185,0.038883,0.125427,0.380873,0.197537,0.130644,0.377953,-0.107533,0.133805,0.380544,0.039084,0.123805,0.218668,0.19592,0.12794
0.14688805339187383,-0.05726434638079997,0.19651013102534415,2.3917892797743043,0.9634177859089132,-2.5493678769763255,0.15437847938370702,-0.2671848481643796,0.3154924669270516,-2.094599538427535,0.7186058366705917,2.1498184179442514,0.30032,0.038649,0.137811,-0.0004659769692621852,-5.220549300126219e-05,0.000881987779543666,0.298545,-0.107913,0.132115,0.225594,-0.107998,0.132932,0.29897,0.039159,0.124067,0.298263,0.197731,0.129515,0.223139,0.03888,0.125399,0.380833,0.197534,0.130622,0.377901,-0.107533,0.133775,0.3805,0.039069,0.123777,0.218614,0.195918,0.127912
0.14748644922077653,-0.05691024597597116,0.19659782232406736,2.3888524273944185,0.9640548648252498,-2.5448372925211338,0.15516440285813807,-0.2666965580078662,0.3152780277938843,-2.093394641007844,0.717811002623173,2.1504126844959703,0.300308,0.038678,0.137732,-0.0005418428073006087,-0.00034624596776007885,0.0009079061321687392,0.298534,-0.107873,0.132102,0.225593,-0.107952,0.132939,0.298972,0.039201,0.124063,0.298259,0.197779,0.129496,0.223124,0.038919,0.125394,0.380838,0.197587,0.130627,0.377902,-0.107495,0.133782,0.380497,0.039112,0.123755,0.218619,0.195965,0.12791
0.14811097095906733,-0.057436508328467584,0.19602309951636193,2.3889336945413753,0.9637183169313432,-2.5428827465181043,0.15594404994720218,-0.2658873561167717,0.314930896089077,-2.093765809966353,0.7165532829444128,2.1471444056910514,0.300363,0.038708,0.13769,-0.0006537842180453504,-0.0005162732151593051,0.0008358311856603551,0.298562,-0.107846,0.132127,0.225626,-0.10793,0.132945,0.298995,0.039235,0.124069,0.298294,0.197827,0.129509,0.223155,0.038951,0.125408,0.380861,0.197623,0.130624,0.377929,-0.107461,0.133788,0.380532,0.03913,0.123767,0.218641,0.195997,0.127915
0.1490092522263527,-0.05787450028926133,0.19594434275883438,2.3916102673492103,0.961772429804626,-2.5462049878656563,0.15685600123935936,-0.2650566495597363,0.3147918837964535,-2.0898584436946788,0.7170169812895042,2.148506313346126,0.300353,0.038715,0.13792,-0.00048009644197042934,0.00020177050158748505,0.0009560483618408231,0.298572,-0.107842,0.132166,0.225621,-0.107923,0.132969,0.299002,0.03924,0.124112,0.2983,0.197833,0.129557,0.223171,0.038965,0.12546,0.380863,0.197629,0.130662,0.377943,-0.107451,0.133832,0.380553,0.03913,0.123808,0.218649,0.196008,0.127962
0.15023625326901674,-0.05827756995117661,0.1953485824264884,2.3902965108905727,0.9604974911183708,-2.541594071906795,0.15755738105273245,-0.26465719446754454,0.3144277125709057,-2.0896240802133246,0.7160642098700183,2.149881327068819,0.300356,0.038658,0.137918,-0.0004840029576868083,5.750254132182391e-06,0.001032001299977982,0.298586,-0.10787,0.132216,0.225614,-0.107959,0.133,0.299003,0.039219,0.124155,0.298279,0.197782,0.129589,0.223173,0.038932,0.125495,0.380856,0.197598,0.130695,0.377949,-0.107482,0.133879,0.38056,0.039079,0.123855,0.218627,0.195978,0.128004
0.15146504604071376,-0.05907551521605248,0.1943673554674089,2.391192322022004,0.9596008759926671,-2.545385194571801,0.1585174429641962,-0.2639118222152591,0.31428188446998595,-2.0894414860177237,0.7142018311613199,2.14743011796513,0.300403,0.038618,0.137832,-0.0005498470150221673,-0.0002902897453986462,0.0010539200949469902,0.298636,-0.107892,0.132181,0.22561,-0.108028,0.132948,0.299041,0.039198,0.124144,0.298307,0.197753,0.129564,0.223205,0.038903,0.125457,0.380875,0.197556,0.130662,0.377974,-0.107511,0.133854,0.380592,0.039049,0.123839,0.218675,0.195941,0.127968
0.15290655454993246,-0.05952133271992205,0.19314684122639894,2.396553706703264,0.9577799254390937,-2.54745096881068,0.1594488235449195,-0.2634544071788788,0.31395955713081364,-2.0880171765349465,0.7127517692284127,2.1489054867198707,0.300421,0.038632,0.137824,-0.0006679413700257431,-0.00012630991054989133,0.0009279577495928048,0.298646,-0.107902,0.132133,0.22556,-0.108099,0.132876,0.29905,0.039183,0.124098,0.298326,0.197742,0.129529,0.223209,0.038893,0.12542,0.380887,0.197544,0.13063,0.377991,-0.107526,0.133817,0.380589,0.039064,0.123805,0.218688,0.195931,0.127944
0.15447819258868695,-0.060231831334471686,0.19189700724589825,2.4017315849236534,0.9544622737819346,-2.5486624952179993,0.16013500000250339,-0.26222611435619,0.31358949756455423,-2.0899784288262815,0.7114600961752114,2.1514540551830095,0.30041,0.038628,0.137642,-0.0005775460236504445,-0.0008503082873895856,0.001067754352377732,0.298664,-0.10791,0.132147,0.225455,-0.108204,0.13278,0.299064,0.039186,0.124088,0.298332,0.197754,0.129527,0.223232,0.038907,0.125432,0.380894,0.197565,0.130635,0.378007,-0.107514,0.13383,0.380579,0.039093,0.123778,0.218701,0.195944,0.127927
0.15401750988662244,-0.060188151364117815,0.1910726997189522,2.3995085352262553,0.9555599587050418,-2.5496603660409676,0.16030411233013867,-0.2637892693087459,0.31345648145771027,-2.1030287742617073,0.711622909829778,2.1516989514179334,0.300415,0.038654,0.137608,-0.0005195617139252257,-0.0008462690253081614,0.001035780062828112,0.29867,-0.107893,0.132098,0.225607,-0.108018,0.132779,0.299081,0.039184,0.124051,0.298353,0.197772,0.129478,0.223239,0.038909,0.125382,0.380912,0.197585,0.130603,0.378014,-0.107504,0.133789,0.380587,0.039116,0.123741,0.218722,0.195953,0.12789
0.15571152718514203,-0.06057420426338905,0.18990557140010594,2.3989591393525886,0.9540044983693994,-2.5470994950755115,0.161104413978219,-0.26282248059391977,0.3131318246650696,-2.0987784598335057,0.7105942851269667,2.1509170808697364,0.300391,0.038659,0.137601,-0.0005295493829831212,-0.0008942667705523587,0.0010077631354210397,0.298634,-0.107887,0.132114,0.225572,-0.108012,0.132759,0.299053,0.039189,0.124054,0.29833,0.197778,0.129485,0.223217,0.038917,0.125393,0.380897,0.19758,0.130615,0.377989,-0.107499,0.133804,0.380563,0.039118,0.123731,0.218694,0.195967,0.127899
0.15722782996445894,-0.06123376097702976,0.18822301207888126,2.3991984467576826,0.9522849611748077,-2.5465263138803333,0.16202121634113786,-0.2620210961884857,0.3124487771425247,-2.1016332462590963,0.7104332775029553,2.154047558735126,0.30033,0.03866,0.137652,-0.00048356238080998873,-0.0008482494176998547,0.0010317948176376845,0.29857,-0.107886,0.132132,0.225509,-0.107997,0.132765,0.298998,0.039189,0.124073,0.298276,0.197781,0.129513,0.22317,0.038926,0.125421,0.380839,0.197581,0.130627,0.377942,-0.107493,0.133811,0.380516,0.039119,0.123774,0.21863,0.195971,0.12793
0.1591980235427618,-0.06247565948897599,0.18683304442095755,2.396522997458792,0.9482486314019773,-2.549710175318301,0.162863552267313,-0.2615047999553979,0.31210108464336395,-2.099868044439803,0.7105001909350318,2.153966675574967,0.300335,0.038685,0.137766,-0.0004517691832749114,-0.00046822268975427644,0.0009858941558231055,0.298557,-0.10787,0.132122,0.225503,-0.107983,0.132751,0.298995,0.039212,0.12407,0.298273,0.197792,0.129512,0.223163,0.038936,0.125408,0.380845,0.197586,0.13063,0.377929,-0.107483,0.133798,0.38052,0.039131,0.123789,0.218632,0.195984,0.127923
0.16117775911986826,-0.06312246988868708,0.1851530594590604,2.3992995625626516,0.9461499897932519,-2.5456715042900067,0.16346953602421282,-0.2608466571559012,0.3115790498073101,-2.0960466488231715,0.7096096372681784,2.1538348659806354,0.300358,0.038659,0.137762,-0.0005057234748590293,-0.0005422578709999694,0.0010198627952923362,0.298564,-0.107874,0.13213,0.225523,-0.107977,0.132783,0.299006,0.039224,0.124084,0.298284,0.197788,0.129521,0.223166,0.038934,0.125404,0.380857,0.197579,0.130631,0.377936,-0.107481,0.13381,0.380544,0.039098,0.123799,0.218647,0.195977,0.127926
0.16338104414492843,-0.06443568706190583,0.18322385088714957,2.4046175048980736,0.9440999563200154,-2.5473564060849156,0.1644173702366948,-0.2604723127752244,0.31147752446031574,-2.0987412681805635,0.7080881468268062,2.1507058859515444,0.30037,0.038641,0.137815,-0.0004497936932697102,-0.00039223656660999136,0.0010519116902093814,0.298564,-0.107856,0.13217,0.22551,-0.107954,0.132787,0.299,0.039235,0.124112,0.298275,0.197807,0.129553,0.223169,0.038944,0.125449,0.380849,0.197603,0.130659,0.377931,-0.107464,0.133837,0.38058,0.039076,0.123822,0.218641,0.196,0.127966
0.16579062801748512,-0.06560687387990949,0.18112058766785263,2.4047470829296262,0.9418015138009574,-2.5468764768450454,0.16516626053690908,-0.2601306333767176,0.31086567625164985,-2.099406419400771,0.7067307342613895,2.148489837146834,0.300364,0.038649,0.137858,-0.0006200687251734316,0.00011362484736644467,0.0012100350799782427,0.298598,-0.107847,0.132144,0.225543,-0.10796,0.13278,0.299024,0.039239,0.124089,0.298305,0.197825,0.129539,0.223187,0.038965,0.125417,0.380873,0.197617,0.130644,0.377964,-0.107467,0.133822,0.380597,0.039091,0.123788,0.218671,0.196008,0.127937
0.16804141469597816,-0.0668421824608445,0.17926855163234473,2.405538033226275,0.9396000923394814,-2.542536515864761,0.16575316508251428,-0.25916976699951294,0.3101229688374996,-2.097836894268064,0.7052311870912651,2.1505583490760705,0.30045,0.038644,0.137621,-0.0005856331262015698,-0.0008082657640986197,0.0009077632639928007,0.298657,-0.10788,0.132116,0.225609,-0.107986,0.132789,0.299079,0.039207,0.124062,0.298355,0.197787,0.129483,0.22324,0.038928,0.125398,0.380916,0.197591,0.130622,0.378006,-0.107501,0.133805,0.380614,0.039099,0.123745,0.218722,0.195975,0.127902
0.16841371932178734,-0.06707733894640205,0.17786509479749202,2.404857935812111,0.9393433867243497,-2.54892970513813,0.16603675267791745,-0.2590671657904089,0.31009656836485866,-2.109369670749264,0.7052166485452944,2.150503678051149,0.300408,0.038649,0.137585,-0.0004855220988644654,-0.001004230964887505,0.0009517561399117071,0.298657,-0.107921,0.132105,0.225608,-0.108017,0.132773,0.299071,0.039173,0.124091,0.29835,0.197764,0.129483,0.223229,0.038895,0.12545,0.38091,0.197571,0.130612,0.377999,-0.107523,0.133776,0.380581,0.039108,0.123758,0.218714,0.195949,0.127885
0.17135636341571808,-0.06808297542515396,0.1753712977735996,2.403677127911859,0.9361118241746227,-2.5462388806445935,0.16674780962729452,-0.25800019744452835,0.3097918197717667,-2.109112693247779,0.7050476943868395,2.1506575807308943,0.300414,0.038649,0.137582,-0.00048756384075020735,-0.0009262295212610379,0.0009417741323099184,0.298656,-0.107929,0.132087,0.225614,-0.108016,0.132757,0.299075,0.039159,0.124,0.298355,0.197763,0.129464,0.223231,0.03888,0.125303,0.38092,0.197564,0.1306,0.37801,-0.107532,0.133786,0.38058,0.039109,0.123701,0.218722,0.19594,0.127877
0.1739688710182905,-0.06940898226711151,0.1729095346327424,2.40506016742205,0.932633219072843,-2.5511050223365577,0.16752753173291682,-0.25734845076966284,0.3091164076800347,-2.1080231086414813,0.7045737919691101,2.1526658047490868,0.30046,0.038645,0.137646,-0.0006377536927650664,-0.0006082582096277365,0.0008098059962410276,0.298683,-0.107929,0.132105,0.225641,-0.108011,0.132753,0.299094,0.039159,0.124029,0.298377,0.197758,0.12948,0.223249,0.038876,0.125354,0.380937,0.197564,0.130598,0.378026,-0.10753,0.133793,0.380604,0.039085,0.123711,0.218737,0.195929,0.127879
0.1769840176358819,-0.07147698499256372,0.17054070469874144,2.401091184825515,0.9279870426523538,-2.5453853818247234,0.16823208724725244,-0.2567650347101986,0.3085118713669777,-2.1142129958045293,0.7043977942914892,2.152556462699243,0.300391,0.038697,0.137853,-0.0005960959371800619,0.0001796816683176744,0.0010680534522424464,0.298644,-0.107877,0.132151,0.225586,-0.107971,0.13276,0.299066,0.039217,0.124092,0.298351,0.19782,0.129526,0.223225,0.03893,0.125398,0.380919,0.197614,0.130628,0.377993,-0.107489,0.133821,0.380597,0.039113,0.123766,0.218712,0.19598,0.12792
0.17971594606190916,-0.07270206183850764,0.1681411804804504,2.4013982772702365,0.9247519662615069,-2.5448689382650036,0.16872664640974996,-0.2561983328035772,0.3079974719617367,-2.1141333795022508,0.7033695307947888,2.1538135218133707,0.300344,0.038723,0.137908,-0.0006381292750136216,0.0002416585750538317,0.0010700770026217425,0.298585,-0.107845,0.13218,0.225517,-0.107938,0.13278,0.29901,0.039252,0.124108,0.298308,0.197854,0.129558,0.223187,0.038966,0.125409,0.380882,0.197645,0.13067,0.377955,-0.107461,0.133852,0.380562,0.039135,0.123797,0.218657,0.196019,0.127958
0.18208611189574003,-0.07381853488719459,0.1659145110950172,2.3988591470565632,0.9214307031565303,-2.5443566142695744,0.16924526088190078,-0.25585141542646295,0.3075648622560501,-2.1130086590630235,0.7017342604284283,2.152311566464319,0.300337,0.038711,0.137901,-0.0006681110273898118,0.00020563919636302578,0.0010800685899341929,0.298566,-0.10784,0.132175,0.225512,-0.10796,0.132803,0.299,0.039251,0.1241,0.298294,0.197838,0.129561,0.223156,0.038953,0.125411,0.380864,0.197629,0.13065,0.377931,-0.107459,0.133842,0.380556,0.039123,0.123791,0.218638,0.196005,0.127955
0.18486170850843192,-0.07546285273891684,0.1636256260843873,2.3982389701194187,0.918333935456422,-2.5461029350229993,0.1699012806831002,-0.2553161677129865,0.3068336942641735,-2.117051709455481,0.70084876364713,2.1515630227737788,0.300312,0.038663,0.1379,-0.0006461134055172373,0.00020965042999109216,0.001082067623418987,0.29855,-0.107894,0.132162,0.2255,-0.10799,0.132785,0.298967,0.039229,0.124269,0.298268,0.197797,0.129551,0.223131,0.038899,0.12567,0.380851,0.197597,0.130647,0.377906,-0.107513,0.13381,0.380543,0.039066,0.123876,0.218615,0.195972,0.127952
0.18689327922314403,-0.07668212004041669,0.16181135508480668,2.4024618657373207,0.9152638143848044,-2.543598801693002,0.17028909128332137,-0.25503084264713527,0.30619087295198444,-2.1142466364956327,0.7001849571165034,2.1515229556527746,0.300315,0.038654,0.137877,-0.0006061115091957695,0.00020767449829330623,0.00107406283371786,0.298544,-0.107916,0.132128,0.225512,-0.10803,0.132792,0.298975,0.039192,0.124228,0.29826,0.197779,0.129533,0.22313,0.038879,0.125629,0.380843,0.197584,0.130637,0.377904,-0.107533,0.133794,0.380528,0.03904,0.123889,0.218613,0.195954,0.127932
0.1875218427687883,-0.07759597438791394,0.1621491086988449,2.402619156989495,0.9174148707902317,-2.521853307078537,0.17055359966742992,-0.2554322455303669,0.30610729302430156,-2.113296847650143,0.6996944392176647,2.153082952158422,0.30039,0.038663,0.137733,-0.0008059296950089071,-0.00014638682224066662,0.000959940937525211,0.298626,-0.107913,0.132105,0.225575,-0.108033,0.132763,0.299046,0.039185,0.124118,0.29833,0.197779,0.12951,0.223199,0.038886,0.125494,0.380903,0.197584,0.130613,0.377981,-0.107523,0.133784,0.380579,0.039092,0.12376,0.218678,0.19595,0.127901
0.19019285240769385,-0.07863863587379455,0.1600009980432987,2.3964518418923317,0.9154089555443865,-2.5309137269772317,0.17097559281265734,-0.2551958784555197,0.3055823248023987,-2.1131893843313403,0.7001122643866498,2.1537157879948463,0.300417,0.038707,0.137701,-0.000649863656936166,-0.0002543482987012576,0.0010719172514784612,0.298688,-0.107893,0.1321,0.225617,-0.108026,0.132761,0.299084,0.03921,0.12415,0.298378,0.197814,0.129492,0.22325,0.038909,0.125547,0.380939,0.197616,0.130607,0.378031,-0.107493,0.133775,0.380602,0.039147,0.123738,0.218729,0.195977,0.127877
0.19262160361409186,-0.0802281966013908,0.15774173563796282,2.395923418185622,0.9133179272580869,-2.5265263910076037,0.1715011338136792,-0.2542741784711182,0.3048013539581299,-2.1149181420686047,0.6995579936092065,2.1586556521097053,0.300396,0.038707,0.137815,-0.0006359943824358138,-1.034407192637862e-05,0.0010819966050538085,0.298692,-0.107905,0.132163,0.225619,-0.108004,0.132807,0.299085,0.039198,0.124239,0.298363,0.197797,0.129547,0.223254,0.038898,0.125652,0.380934,0.197609,0.130659,0.378038,-0.107509,0.13383,0.380581,0.039136,0.123848,0.218715,0.195967,0.127938
0.19507514735013243,-0.08202603383278845,0.1558059688565433,2.3962496102823936,0.9104334541256256,-2.526343070396666,0.17196836194348333,-0.25409111243486404,0.30414313237023355,-2.118522742120347,0.6991645498527189,2.1571196209848456,0.300416,0.03868,0.137922,-0.0005981520463530323,0.00028367936322352705,0.0010720847390384893,0.298698,-0.107918,0.132198,0.225641,-0.107999,0.132812,0.299089,0.039182,0.124301,0.298365,0.197759,0.129567,0.223252,0.038868,0.125706,0.380931,0.197573,0.130672,0.378034,-0.10753,0.133855,0.380596,0.039083,0.123892,0.218729,0.195929,0.127958
0.19762540278583762,-0.08354447099575396,0.15378197493690254,2.396030151535312,0.9078851384602795,-2.527349929359905,0.17235979834401607,-0.25362077354171875,0.3036182719933987,-2.1166280236403052,0.6985520345898649,2.154948507269112,0.30041,0.038638,0.137982,-0.0007742340395857872,0.0004776205446676439,0.000980184816621939,0.298656,-0.107933,0.132191,0.225625,-0.107988,0.13283,0.299055,0.039177,0.124283,0.298339,0.197731,0.12959,0.223219,0.038851,0.1257,0.380915,0.19754,0.130689,0.378003,-0.107541,0.133887,0.380604,0.039034,0.123896,0.218701,0.195916,0.127983
0.19956542864739896,-0.08491597871005532,0.15214016271489858,2.398924310575322,0.9059886403226332,-2.5261619968207962,0.17258527311235664,-0.253466792763561,0.30284435421657563,-2.119463560114875,0.69654625705507,2.155184042027166,0.300347,0.038637,0.137946,-0.0006121333692835002,0.00023565350934116823,0.0011320720048099402,0.298589,-0.107906,0.132206,0.225553,-0.107985,0.13283,0.298992,0.039191,0.124284,0.298283,0.197757,0.129587,0.223165,0.038878,0.125724,0.380863,0.197569,0.130692,0.377948,-0.107513,0.133848,0.380565,0.039043,0.123905,0.218638,0.195943,0.127991
0.2016311672180891,-0.08611920473212001,0.15033138989451528,2.3946931758918293,0.9044421598031853,-2.524144533835872,0.17304752514380214,-0.2532565102957487,0.3021167451119423,-2.117985238633604,0.6961063080117816,2.160019432060154,0.300334,0.038647,0.137727,-0.000645763762125934,-0.00042036286921690784,0.001123864154103146,0.298572,-0.107894,0.132159,0.225523,-0.10801,0.132768,0.298983,0.039223,0.12431,0.298277,0.197788,0.12954,0.223144,0.038898,0.125762,0.380853,0.197598,0.130658,0.377938,-0.107504,0.133793,0.380545,0.03907,0.123887,0.218631,0.195977,0.127926
0.20380461787134413,-0.08742392436271904,0.14872172804239392,2.394678195772575,0.9024683571609062,-2.521028270702857,0.1731585746554136,-0.2535126974605024,0.3014919339261055,-2.1204576425369845,0.6951149778399386,2.158854115419353,0.30035,0.038656,0.137703,-0.0007179091927454579,-0.0001883460074178267,0.0009639323176783902,0.298577,-0.107908,0.132082,0.225532,-0.10802,0.132711,0.298984,0.03921,0.124247,0.298292,0.197781,0.129488,0.223152,0.03889,0.125711,0.380863,0.197584,0.130602,0.377943,-0.10752,0.133739,0.380538,0.039078,0.123813,0.218648,0.195956,0.127875
0.2037419490233064,-0.08796035341799255,0.14949400089460613,2.3927839596928164,0.9032570192788776,-2.517195952394944,0.17316732658720016,-0.2523076991657913,0.3011801106965542,-2.1140520811654175,0.6944475592482013,2.1631671350429844,0.300315,0.038635,0.137658,-0.0006037604466774944,-0.00045631692472465537,0.0010498621504695424,0.298563,-0.107939,0.132078,0.225524,-0.108057,0.132702,0.298969,0.039163,0.124281,0.298271,0.197736,0.129478,0.223137,0.038865,0.125794,0.380849,0.197556,0.130611,0.377932,-0.107545,0.133741,0.380504,0.039069,0.123824,0.21862,0.195933,0.127888
0.20569768376499414,-0.08864713695186374,0.1480436464549899,2.382015875469551,0.9027228178219893,-2.517406986438383,0.1733016562373638,-0.2520260327885151,0.3007301595039368,-2.1170296561135356,0.6943811876252914,2.165073880651904,0.300354,0.038637,0.137665,-0.0006157808286484504,-0.00041432570285090844,0.0010578723343912522,0.298614,-0.107952,0.13207,0.225577,-0.108036,0.132707,0.299018,0.039156,0.124295,0.298301,0.197739,0.129482,0.223183,0.038857,0.125794,0.380881,0.197554,0.130602,0.377969,-0.107552,0.133736,0.380545,0.039067,0.123843,0.218665,0.195921,0.127875
0.20737245039343838,-0.08959229347166417,0.14663239665004613,2.381076621992281,0.9021388369492389,-2.520380750097523,0.17358759435158969,-0.2517234671398103,0.30002401156783104,-2.1166016717656078,0.6940462592587979,2.1642073823527994,0.300442,0.038665,0.137694,-0.0008198743861084213,-0.00025839841410608044,0.0009718939963454156,0.298706,-0.107921,0.132087,0.225667,-0.108028,0.132759,0.299099,0.039192,0.124339,0.298377,0.197757,0.129472,0.22326,0.038872,0.12583,0.380947,0.19758,0.130597,0.37805,-0.107518,0.133742,0.380616,0.039097,0.123855,0.21874,0.195939,0.127878
0.20911621942371134,-0.09089230910545584,0.14534803596797585,2.3730012142050496,0.9000673300024933,-2.519312097669923,0.17367991472917796,-0.251847651979357,0.2995760447244644,-2.1216503919293324,0.6934018675566416,2.163740806345589,0.300468,0.038698,0.137881,-0.000764176572690399,0.00034761174404528513,0.0010161327309857354,0.298746,-0.10788,0.132133,0.225693,-0.108022,0.132793,0.299115,0.039241,0.124438,0.298401,0.197806,0.129508,0.223285,0.038903,0.125944,0.380969,0.197618,0.130632,0.37809,-0.107484,0.133779,0.380651,0.03912,0.123894,0.218772,0.19598,0.1279
0.21075840158462528,-0.09173720762878654,0.14413032905998827,2.3689213787260295,0.9000197955406799,-2.5183048642008394,0.1740896301643848,-0.25138257738631964,0.29898408314633373,-2.121010284334724,0.6928770350772508,2.1659785737766386,0.300445,0.038658,0.13774,-0.0006957565402369351,-0.00040441879098247004,0.001203859166038223,0.298726,-0.107881,0.132157,0.225687,-0.108008,0.132837,0.299095,0.03924,0.124526,0.298387,0.197807,0.129548,0.223271,0.038908,0.126068,0.380945,0.197608,0.130659,0.378075,-0.107485,0.133794,0.380641,0.039097,0.123954,0.21875,0.195979,0.127937
0.21157009650468822,-0.09263963798403738,0.1433735606071651,2.3699639950261577,0.8996328825907247,-2.5102698413046918,0.17403701855158807,-0.2515903066685796,0.298352067909956,-2.12175280914447,0.6924635443815986,2.1681871333998517,0.300412,0.038637,0.137692,-0.0006857453148525259,-0.00045238601370920184,0.0011258447702275644,0.298695,-0.107934,0.132105,0.225684,-0.108023,0.132841,0.299074,0.039195,0.124584,0.29835,0.197759,0.129514,0.223234,0.038867,0.126183,0.380923,0.197569,0.130618,0.378049,-0.107539,0.133749,0.380596,0.03907,0.12397,0.218726,0.195937,0.127903
0.213326240965724,-0.09319878495937584,0.14248660645368694,2.361039588980165,0.8981431115626806,-2.5172317177031043,0.1744406576455831,-0.25175815887752173,0.297862947388649,-2.1209852407091248,0.6918399220308291,2.169681974026483,0.300369,0.038632,0.13768,-0.0007718720229496075,-0.00027635733383619336,0.0009258932775783069,0.298636,-0.10797,0.132047,0.225651,-0.108059,0.132837,0.299026,0.039155,0.124603,0.298309,0.197728,0.129471,0.223182,0.038833,0.126242,0.380887,0.197528,0.130588,0.377983,-0.107584,0.13369,0.380531,0.039065,0.123959,0.218678,0.195905,0.127862
0.2145489085242152,-0.09383907046028969,0.14116974594119192,2.352677311909206,0.8967795459948513,-2.5094622194507865,0.17473894848638774,-0.25205901362869143,0.2973669894900322,-2.122740350321086,0.690145955671419,2.1708143382687,0.300357,0.038626,0.137638,-0.000747867876076218,-0.0002903402372554365,0.0009098913691283137,0.298614,-0.107988,0.131996,0.225631,-0.108099,0.132889,0.299008,0.039157,0.124757,0.298303,0.197713,0.129434,0.223178,0.038831,0.126535,0.380879,0.197529,0.13056,0.377972,-0.107587,0.133633,0.380509,0.039047,0.124015,0.218663,0.195908,0.127838
0.21488842034190897,-0.09471741721898314,0.14149842522981762,2.3500726436737933,0.8973204823138856,-2.522343722482056,0.17446068706661463,-0.2518277792464495,0.2972162005159855,-2.1223377833842143,0.6900755204797595,2.1717280184112306,0.300425,0.038651,0.137593,-0.000735863127098084,-0.00032431048749988157,0.0008438806258278683,0.298654,-0.107987,0.131966,0.225687,-0.108117,0.13294,0.299051,0.039169,0.124896,0.298356,0.197736,0.129395,0.223231,0.038842,0.126756,0.38093,0.197548,0.130522,0.378013,-0.107579,0.1336,0.380559,0.039036,0.124074,0.218701,0.195931,0.127798
0.2161611313089728,-0.09481682979667183,0.14095425692218544,2.3469792490476964,0.8982292982768103,-2.5318629120404004,0.17488150495243068,-0.25160462556487323,0.29708874921464923,-2.1230205025208875,0.6900416574068463,2.1732805257353816,0.300443,0.038615,0.137662,-0.0007359302258769656,-0.00013438192940542644,0.0010379504589369723,0.298685,-0.107958,0.132021,0.225701,-0.108113,0.1331,0.299077,0.039192,0.124986,0.29837,0.197781,0.129422,0.223272,0.038861,0.126907,0.380945,0.197583,0.130555,0.378043,-0.107554,0.133637,0.380613,0.039008,0.124084,0.218725,0.195965,0.127835
0.21699932715147735,-0.0951491444098353,0.14038075722637772,2.345496591744462,0.8981080707581814,-2.53211626524428,0.17489688334685563,-0.251645818713218,0.29660329542565345,-2.123266827136857,0.690192009450581,2.1737860454863718,0.300441,0.038623,0.137693,-0.0007538565546776004,-0.0002584183522478048,0.0011099024808412712,0.298691,-0.107941,0.132063,0.225743,-0.107919,0.135173,0.299071,0.039208,0.125028,0.29836,0.197802,0.129489,0.223267,0.038874,0.126918,0.380927,0.197611,0.130602,0.378038,-0.107524,0.13369,0.3806,0.039029,0.12415,0.218713,0.195987,0.127883
0.21785777369886633,-0.0954962430129647,0.13988758686053754,2.3445547167463223,0.8981944526857069,-2.533782816252803,0.17522875660020112,-0.2514402214725018,0.29609412650620937,-2.1205097856081947,0.6902092570423848,2.1754329164973747,0.30042,0.038667,0.137829,-0.0005620643093291877,0.00011568748297091473,0.00111203239731711,0.298712,-0.107914,0.132089,0.22604,-0.107743,0.137159,0.29909,0.039214,0.124878,0.298361,0.197786,0.129511,0.223258,0.038894,0.126731,0.380942,0.19759,0.130613,0.378056,-0.107527,0.13374,0.380621,0.039054,0.123992,0.218734,0.195951,0.127892
0.21886651714444155,-0.09565474819570777,0.13960396468448638,2.343079549502715,0.8978086134094272,-2.5380295252777794,0.17533147927385564,-0.2518497313778997,0.2957996986861229,-2.123780782139827,0.6902980234441812,2.172617733172973,0.300426,0.038647,0.13771,-0.0007758679547949427,-0.00026039332440750556,0.001013898897693788,0.298702,-0.10795,0.132061,0.226362,-0.1077,0.139089,0.299088,0.039184,0.125682,0.298354,0.197779,0.129509,0.223252,0.038881,0.128092,0.380921,0.197579,0.130619,0.378056,-0.107569,0.133663,0.380539,0.03904,0.124294,0.218726,0.195967,0.127886
0.21942757834047083,-0.095843103164643,0.13928848335567118,2.3473065646534117,0.8985057204448914,-2.5331594512744466,0.17537698931914567,-0.2524277252082527,0.2956250867365599,-2.121800653682928,0.6895477080499525,2.176664137935341,0.300378,0.038627,0.137675,-0.0007238666956844636,-0.00027035682922767434,0.0009859020689607237,0.298664,-0.107997,0.13203,0.226703,-0.107561,0.141178,0.299034,0.039161,0.12628,0.298307,0.197773,0.12949,0.223238,0.03884,0.128956,0.380885,0.197562,0.130598,0.37802,-0.107625,0.133583,0.380487,0.039041,0.124578,0.21868,0.19595,0.127859
0.22047111466377972,-0.09570369577538965,0.13893986151877047,2.342072510985817,0.8997177028110857,-2.5353873865440426,0.17550604280471802,-0.2532926760374904,0.29521435879516605,-2.1211769926484143,0.6901077581251729,2.1782398617221306,0.300368,0.038621,0.137658,-0.0006959184753914675,-0.00018031453284076548,0.0009039371963263075,0.298665,-0.108038,0.131985,0.227021,-0.107416,0.142586,0.299052,0.039128,0.126179,0.298308,0.19775,0.129462,0.22323,0.038825,0.128785,0.380894,0.197548,0.130574,0.378022,-0.107638,0.133603,0.380494,0.039019,0.124479,0.218676,0.195926,0.127832
0.22130485201776023,-0.09515688324329255,0.13867784765291213,2.349331127770686,0.9014501240897828,-2.532939990849504,0.1758191619185209,-0.2533981462901533,0.2948256204631329,-2.1250217498560904,0.689728130502434,2.180355555494793,0.300387,0.038596,0.137632,-0.0006958952946242949,-0.00021234304988449826,0.0009859260358500172,0.298671,-0.108064,0.131939,0.227283,-0.107398,0.143754,0.299042,0.039125,0.126345,0.298325,0.19774,0.129423,0.223268,0.038797,0.129188,0.380896,0.197541,0.130543,0.378032,-0.107657,0.133582,0.380497,0.038999,0.124452,0.218677,0.195926,0.127806
0.2214856083095073,-0.09529893527591227,0.13959798890921474,2.352280713251938,0.9023002784273484,-2.4176764545240887,0.17565507570028302,-0.2522947753090262,0.2948817106829882,-2.1642180142026284,0.6881520979382896,2.1837440356627242,0.300384,0.038591,0.137644,-0.0007739023765850196,-0.00018840085268075716,0.0010359270054011195,0.298667,-0.108055,0.131946,0.227445,-0.107325,0.144486,0.299025,0.03915,0.126526,0.298308,0.197757,0.129419,0.223263,0.038812,0.129452,0.38089,0.19756,0.130546,0.378021,-0.107647,0.133559,0.380502,0.039006,0.124598,0.218675,0.195943,0.127806
0.22232659591585396,-0.09550209591221806,0.1396180362956524,2.360785675958798,0.9063678423434647,-2.4070129623575327,0.17585897070538994,-0.2525194556376338,0.294043161356926,-2.1587317781618296,0.6882880017375813,2.1827554637052327,0.300378,0.038578,0.137636,-0.0006757543283468926,-0.00041639864149859774,0.0011798591714811536,0.298683,-0.108059,0.131977,0.227604,-0.107239,0.145091,0.299024,0.039169,0.126478,0.298319,0.197784,0.129454,0.22329,0.038831,0.129492,0.380894,0.197577,0.130569,0.378032,-0.107627,0.133634,0.380537,0.038987,0.124702,0.218677,0.195959,0.127838
0.22362989128082994,-0.09587195579022167,0.13940930351379513,2.369303746270006,0.9111257784328992,-2.4057285945634366,0.1761612124182582,-0.2523626847804189,0.29304132381343845,-2.1599450857542966,0.6870528574407632,2.1864745912362196,0.30044,0.038639,0.137665,-0.0008338303453775382,-0.00037038182569391654,0.0009158455181385348,0.298706,-0.108049,0.131999,0.227642,-0.107315,0.145291,0.29905,0.039148,0.125073,0.298349,0.197779,0.12947,0.223435,0.038853,0.129945,0.380925,0.197585,0.130586,0.378045,-0.107578,0.133811,0.380584,0.038989,0.124387,0.218706,0.195961,0.127842
0.22504139874577517,-0.09662780353528258,0.13941107411387563,2.376600936861956,0.9169398189921911,-2.3951980519717178,0.17668800369524953,-0.25209654808846116,0.2921917311524153,-2.161010748091365,0.6870053588371569,2.189135871880876,0.300413,0.038627,0.13774,-0.0007978539065157485,-0.000286406857968192,0.0010198856561439305,0.298705,-0.108041,0.132053,0.227801,-0.107223,0.145969,0.299047,0.039157,0.125133,0.298342,0.197776,0.129538,0.223424,0.03885,0.129875,0.380908,0.197579,0.130637,0.378047,-0.107578,0.133839,0.380557,0.039009,0.124358,0.218712,0.195963,0.127899
0.22728718525022268,-0.09724571795460579,0.13914525112810733,2.388965901797773,0.9214979541712931,-2.3982957770654245,0.17739443462353946,-0.25162210304123167,0.29140544354629516,-2.159242555988418,0.6857241607611768,2.190608244963018,0.300402,0.038656,0.13776,-0.0007718644318433127,-0.00027438125845232695,0.0009878940270578185,0.298702,-0.108032,0.132094,0.227934,-0.107173,0.146493,0.299047,0.039159,0.125522,0.298344,0.197807,0.12956,0.22342,0.038867,0.130405,0.38091,0.197597,0.130655,0.378053,-0.10757,0.133834,0.380519,0.039043,0.124515,0.218699,0.195987,0.127909
0.22887024035304787,-0.0980691124925315,0.1392548536028266,2.4028955401897445,0.9244629528294137,-2.3866570716794997,0.1780022937943935,-0.2515471130861938,0.2903474079378843,-2.1601798230211076,0.6839979567563533,2.1911459681944416,0.300406,0.038693,0.137717,-0.0007118925579708461,-0.0002403181843778933,0.0008939144000893992,0.298725,-0.108014,0.132049,0.228039,-0.107047,0.146776,0.299068,0.039199,0.125254,0.298357,0.19782,0.129528,0.223436,0.038892,0.12987,0.380927,0.197621,0.130633,0.378059,-0.107543,0.133811,0.380531,0.039074,0.124424,0.218717,0.196004,0.127874
0.23081576640605922,-0.0989762468445897,0.1392439737312794,2.4191939099388664,0.9287027925670919,-2.3807301421826725,0.17855344044727087,-0.2515140796030164,0.28930034017288686,-2.1557947589357638,0.6836108341068096,2.1955488579960267,0.300395,0.038689,0.137683,-0.0007259184751103762,-0.000182324461045536,0.000893933764106467,0.298703,-0.108031,0.13199,0.227972,-0.107084,0.146703,0.299039,0.039192,0.12518,0.298349,0.197827,0.129463,0.223413,0.038876,0.130019,0.38092,0.197615,0.13059,0.378061,-0.10755,0.133788,0.380521,0.039064,0.124301,0.218703,0.196009,0.127837
0.23307463669925926,-0.10006276172006126,0.13927196552070975,2.4376531618904806,0.9316383140024862,-2.3724861450252313,0.17913569396626947,-0.2518693145743013,0.2884758322746754,-2.160667799934837,0.6822631741063919,2.1982532014342855,0.300391,0.038627,0.137631,-0.0006557351990068667,-0.00048235993741128555,0.0010978417394837446,0.298785,-0.107714,0.13579,0.22673,-0.106788,0.1473,0.299037,0.039153,0.124746,0.298336,0.197762,0.129449,0.223273,0.038894,0.127846,0.380904,0.197571,0.13058,0.378042,-0.107577,0.133743,0.38054,0.039034,0.12409,0.218691,0.195943,0.127832
0.23374003486037248,-0.09930134288200734,0.13913282198148966,2.4266071964550404,0.9306715196610871,-2.362919580477544,0.1792821762988567,-0.251582620790422,0.28802556833136084,-2.1618644740744806,0.681504280067025,2.2023947188016555,0.300424,0.038654,0.137623,-0.0008098396658322494,-0.00036435626568987215,0.0008798524081227527,0.29897,-0.107333,0.139966,0.227124,-0.105912,0.152835,0.299062,0.03918,0.125013,0.298335,0.197748,0.129429,0.223382,0.038974,0.129364,0.380907,0.197547,0.13055,0.378069,-0.107544,0.13417,0.380571,0.039034,0.123781,0.2187,0.195936,0.127801
0.2365617997467518,-0.10043136430859562,0.1393496040045023,2.4262585341793867,0.9378222839463219,-2.34052375646391,0.1795294058690667,-0.2512394673878849,0.28717468152952197,-2.1617728966375878,0.6818625062276829,2.204294349688153,0.300389,0.03861,0.13764,-0.0006636765740597292,-0.0005364001250321602,0.0012058218557197593,0.298978,-0.107483,0.139823,0.226937,-0.106433,0.151516,0.298969,0.039164,0.126468,0.298315,0.197808,0.129497,0.223411,0.038941,0.131875,0.380886,0.197581,0.130601,0.37807,-0.107569,0.134168,0.380479,0.038991,0.124507,0.218681,0.196003,0.127835
0.23983741376399997,-0.10242308424711224,0.1391525432047546,2.4288852980907,0.9445371367193216,-2.3289842951268067,0.17999968467223645,-0.2503591711238325,0.28628843232989315,-2.158437982792859,0.6795471750556974,2.2067871237491454,0.300357,0.038698,0.137873,-0.000508188305747236,0.000319700653725009,0.0011780810978449375,0.298805,-0.107547,0.138075,0.226636,-0.106711,0.148792,0.298978,0.039236,0.12642,0.298293,0.197893,0.129515,0.223327,0.039029,0.13134,0.380868,0.197663,0.130638,0.37804,-0.107525,0.134156,0.380499,0.039041,0.124759,0.218648,0.196086,0.127887
0.24309823559969662,-0.10375130218434331,0.13889933574455976,2.432216876612947,0.9505197440456603,-2.3091122660000125,0.18054865584492683,-0.25022653708261255,0.2854769844694138,-2.1629420975461633,0.680136031318276,2.2085358476284966,0.30032,0.038756,0.137936,-0.0005142257472673493,0.00041572074195588,0.0010861067804231685,0.298763,-0.107305,0.138206,0.226695,-0.10616,0.149573,0.298979,0.039292,0.124756,0.298285,0.197893,0.129562,0.223225,0.039068,0.127911,0.380854,0.197678,0.130678,0.37799,-0.107408,0.134217,0.380531,0.039124,0.123966,0.218626,0.196068,0.127952
0.24629893034249545,-0.10482229603809115,0.1389522906653881,2.435847308514326,0.9562538447194797,-2.3056119471233476,0.1810524420440793,-0.2492487986235619,0.2845753349940777,-2.1617233700645744,0.6790529547942202,2.2122074188569822,0.300275,0.03873,0.137922,-0.0005340910575833945,0.00016770997619782962,0.0010860446794651276,0.298767,-0.107284,0.138834,0.226605,-0.106122,0.149834,0.298918,0.039274,0.124646,0.298238,0.197845,0.129593,0.223184,0.039066,0.128208,0.380808,0.197633,0.130696,0.377941,-0.107403,0.1343,0.380476,0.039147,0.123575,0.21858,0.196049,0.127994
0.24803811587989327,-0.10621034361213444,0.13926824959027767,2.4493391529210786,0.9570362600087938,-2.2992172598266,0.18194386380481717,-0.24861079177197815,0.28321755480372907,-2.1626372755062198,0.6772313020745454,2.2202107326628404,0.30024,0.038692,0.137969,-0.0005261600618656209,0.00030372269029160727,0.0010540798058017754,0.298748,-0.10748,0.138799,0.226563,-0.106464,0.149609,0.298879,0.039167,0.125777,0.298212,0.197795,0.129601,0.223225,0.038994,0.130249,0.380776,0.197582,0.130699,0.377932,-0.107531,0.13425,0.380373,0.039048,0.124333,0.218553,0.196015,0.127979
0.2507107089072466,-0.10650082083433862,0.13918076796787976,2.4572007195059493,0.9548542622801739,-2.295760570880833,0.18228331373053788,-0.24757580404925347,0.2821710694020987,-2.1635278193568213,0.6754705125845866,2.2240212282080805,0.300302,0.038671,0.137893,-0.0006661378959308162,0.0003237161865149316,0.0008521077682754319,0.298815,-0.107518,0.139203,0.226574,-0.106571,0.149679,0.298956,0.039127,0.126232,0.298268,0.197785,0.129534,0.223277,0.038965,0.130899,0.380836,0.197575,0.130646,0.37798,-0.107591,0.134227,0.380409,0.03903,0.124662,0.218619,0.195985,0.127899
0.2510071358919143,-0.10664952783018347,0.13909516178372502,2.4707120380677328,0.9505191584054735,-2.297651076384433,0.18303180394244192,-0.2484300420277715,0.2807506635807753,-2.166202067406823,0.6741542775158323,2.2298508070846816,0.300376,0.038643,0.137695,-0.0008278895079326217,-0.00024437416298364866,0.0009038987810273488,0.298874,-0.107502,0.138797,0.226679,-0.106515,0.149636,0.299001,0.039142,0.125698,0.298339,0.197792,0.129466,0.22335,0.038934,0.130138,0.380903,0.197578,0.13059,0.37804,-0.107558,0.134187,0.380493,0.039008,0.124226,0.218684,0.195986,0.12783
0.24999993416666982,-0.1044353110104203,0.13903107072028517,2.4508982088325117,0.9515812168838951,-2.2999188965264805,0.18318956376427412,-0.24858897124803067,0.28054122845876217,-2.1630275075230205,0.675283498120578,2.2157314532099948,0.300398,0.03865,0.137615,-0.0007137435297360805,-0.0004384174771044718,0.001169843407704326,0.298905,-0.107393,0.138851,0.226727,-0.106338,0.149815,0.299034,0.039209,0.125028,0.298346,0.197813,0.129428,0.223304,0.038979,0.128974,0.380907,0.197587,0.130553,0.378065,-0.107492,0.134192,0.380541,0.039069,0.123768,0.218696,0.196008,0.127824
0.24992318149507048,-0.10366875462746616,0.138707027608186,2.45674644738955,0.9440563261261128,-2.3066210531216544,0.18348522902554273,-0.2472384940198362,0.27972433442234995,-2.1706822598908984,0.6710787880830913,2.2185998097230195,0.300432,0.03862,0.13767,-0.0008338634244195056,-0.0002464619162663161,0.0011078971288504935,0.298908,-0.107488,0.138676,0.226776,-0.106411,0.149633,0.299042,0.039175,0.125303,0.298351,0.197765,0.129449,0.223339,0.038933,0.129416,0.380912,0.197551,0.130569,0.378082,-0.107555,0.13419,0.380548,0.039017,0.124064,0.21871,0.195965,0.127832
0.24947049907147884,-0.10213460134613511,0.13862903966385126,2.456068222490293,0.9393805748761996,-2.3072249437960908,0.1834407942175865,-0.2469030791384578,0.2786134655151367,-2.1667177044443484,0.6699747616045931,2.2136202529462308,0.300417,0.03861,0.137678,-0.0008018553389862258,-0.00028640488896423396,0.0010098850864899951,0.298916,-0.10753,0.138865,0.226819,-0.106483,0.149761,0.299032,0.039115,0.125908,0.298354,0.197758,0.129486,0.223391,0.038946,0.130604,0.380911,0.197531,0.130587,0.378072,-0.107606,0.134185,0.38052,0.038997,0.124396,0.218716,0.19596,0.127847
0.24893231367170804,-0.10060725476986168,0.13806765460017323,2.4513929272708985,0.9346141470040592,-2.3157189236048104,0.18391454878795147,-0.24602417791393402,0.27802814719319346,-2.178605390216691,0.6693189919099379,2.215122957213433,0.300391,0.038651,0.13786,-0.000696145201925319,0.00031567973233457197,0.0009201098145801968,0.298934,-0.107456,0.139362,0.226914,-0.106344,0.150879,0.299029,0.039151,0.125946,0.298335,0.197792,0.129504,0.223398,0.038966,0.130786,0.380895,0.197569,0.130615,0.378065,-0.107553,0.134264,0.380495,0.039017,0.124359,0.218702,0.196002,0.12787
0.24801844852864746,-0.09937988011902568,0.1380993972660899,2.4502102468557396,0.9326405395751756,-2.313430318388387,0.1837623151859045,-0.24504125411927702,0.27742285596466065,-2.177580657387132,0.6673549336809721,2.2114071998141194,0.300394,0.038698,0.137861,-0.0006221837975866371,0.0003596820253923835,0.0010221118052138505,0.298935,-0.107377,0.139584,0.227063,-0.106069,0.152183,0.299015,0.039227,0.125709,0.298334,0.197865,0.129513,0.223409,0.039008,0.13057,0.380897,0.197635,0.130626,0.378058,-0.107483,0.134286,0.380501,0.039065,0.124192,0.218691,0.196066,0.127887
0.24750168054103855,-0.09769220745801924,0.13811906024593115,2.4539200733891677,0.9330850404768143,-2.314532114583235,0.18393827902585266,-0.24483892074462774,0.27672628467059135,-2.179452948739771,0.6659817183481959,2.2098936362337476,0.300395,0.038713,0.137828,-0.0005921724198860167,0.0003216825646069491,0.001072095143114544,0.298824,-0.107719,0.136069,0.22758,-0.106389,0.151567,0.299005,0.039201,0.125889,0.298331,0.197878,0.129491,0.223445,0.039013,0.1317,0.3809,0.197655,0.130607,0.378064,-0.107509,0.134034,0.380475,0.039079,0.124357,0.218682,0.196068,0.127867
0.24677740533053877,-0.09647740570187566,0.13834647751811147,2.4375539186004183,0.9339622318696619,-2.307884448588452,0.18384645875865221,-0.24297720101144912,0.275906942551136,-2.1772358403033207,0.6638477126439697,2.1931485753265116,0.300322,0.038688,0.137687,-0.0005918210628894024,-0.0003283225107817654,0.0010899027379885765,0.298728,-0.107881,0.133994,0.228153,-0.106314,0.151624,0.298974,0.039177,0.125348,0.298283,0.197821,0.1295,0.223398,0.038943,0.131011,0.380854,0.197598,0.130594,0.378039,-0.107552,0.133941,0.380419,0.039094,0.124167,0.218627,0.196004,0.127878
0.24638205823600295,-0.09424563018435236,0.13860850303265454,2.4321794263148107,0.9381135423324638,-2.3051625401098135,0.18403157461869715,-0.24295693345603347,0.27559010452592375,-2.181503348862531,0.6610471913632839,2.1943393551843995,0.300306,0.038662,0.137695,-0.0006898122394551648,-0.00038633519798543097,0.0009718666740915139,0.298747,-0.107908,0.133899,0.228402,-0.106082,0.152206,0.298983,0.03911,0.12479,0.298279,0.197727,0.12949,0.223426,0.038835,0.129889,0.380855,0.197539,0.130604,0.378049,-0.107581,0.133971,0.380418,0.039083,0.123774,0.218623,0.195927,0.127888
0.24652652159780258,-0.09591472530958053,0.13842163483205439,2.4310911206509553,0.9325750454809727,-2.3171465398844706,0.18400991983890533,-0.24244655956056715,0.2753070759295225,-2.1808951999244703,0.6615153144832361,2.191362779998755,0.30041,0.038673,0.137651,-0.000825849487993704,-0.00034835670406823234,0.0008638561011398171,0.29882,-0.107913,0.133657,0.228686,-0.105993,0.152531,0.299052,0.039103,0.124531,0.298334,0.197726,0.129432,0.223485,0.038842,0.129595,0.38091,0.197532,0.130556,0.378095,-0.107561,0.133968,0.380495,0.039072,0.123538,0.218684,0.195911,0.127834
0.24686157492697242,-0.09564523181506987,0.1381327125044465,2.424833175832301,0.9288834625646616,-2.3149496885999774,0.18421318970602749,-0.24187856790041926,0.2741496395219565,-2.1780746148681684,0.657183550196179,2.1922813281092575,0.300439,0.038615,0.137687,-0.0008678519164188824,-0.00026248941757141405,0.0011278859794160848,0.298838,-0.107878,0.133784,0.228807,-0.105898,0.153087,0.299081,0.039147,0.124513,0.298355,0.197741,0.129458,0.223505,0.038863,0.129418,0.380925,0.197561,0.130574,0.378125,-0.10755,0.133991,0.380554,0.039042,0.123597,0.218712,0.195922,0.127851
0.24690249301791195,-0.09533563512197135,0.13844799580562114,2.4164473050735165,0.9262810727887518,-2.306630603020692,0.18447517253267762,-0.24122897958859804,0.27344302785205843,-2.1819156342212773,0.6563922379083433,2.1908321714897534,0.30046,0.038634,0.137702,-0.0008498814588709213,-0.00021047844450073857,0.001125910440161541,0.298881,-0.10777,0.134386,0.228733,-0.105755,0.153598,0.299106,0.039176,0.12455,0.298383,0.197769,0.129467,0.22354,0.038898,0.129416,0.380942,0.197592,0.130596,0.378169,-0.107518,0.133993,0.380597,0.039056,0.123612,0.218739,0.195955,0.127871
0.24711675047576426,-0.0946107210333347,0.1384769660845697,2.410168013584924,0.9249986183867684,-2.3049148044936025,0.1849852601227164,-0.240672490424186,0.2724042857263088,-2.183995750287845,0.6544922034625654,2.18996267751805,0.30048,0.038705,0.137862,-0.0006781277342825802,0.0002957070126634307,0.0008641002098201213,0.298949,-0.10774,0.13514,0.228727,-0.105625,0.154183,0.299121,0.039173,0.124569,0.298404,0.197761,0.129509,0.223569,0.038889,0.129403,0.380963,0.197573,0.130622,0.378188,-0.107542,0.134003,0.3806,0.039043,0.123571,0.218773,0.19595,0.127906
0.24703324756920336,-0.09402701355853674,0.13824117340806127,2.40404151931273,0.9236265610362335,-2.2978250343492554,0.1853217593971491,-0.2396082331928611,0.27169022196221354,-2.1861171696473787,0.6532785509293562,2.1884112935711233,0.300435,0.038693,0.137874,-0.0006581775143207991,0.00037769061117465816,0.0009401242245244628,0.29897,-0.107675,0.135734,0.228655,-0.10555,0.154555,0.299102,0.039173,0.124601,0.29838,0.197761,0.129524,0.223602,0.038854,0.129491,0.380942,0.197566,0.130617,0.378151,-0.10754,0.133974,0.380586,0.039014,0.123561,0.21875,0.195953,0.127902
0.24734309168756002,-0.09313804487156865,0.13846162476676702,2.397361135131093,0.9235690706912476,-2.2896256033873232,0.18554495866322515,-0.2392236760699749,0.2712142693237066,-2.188474073844637,0.6522378258218238,2.1842364493460957,0.300389,0.038664,0.137665,-0.0005797467553655644,-0.0004563217131800347,0.0011098676105084618,0.298959,-0.107642,0.136139,0.22857,-0.105505,0.15485,0.299061,0.039187,0.124687,0.29835,0.197781,0.129502,0.223593,0.038861,0.129653,0.380914,0.197582,0.13061,0.378114,-0.107546,0.133969,0.380588,0.038971,0.12362,0.218711,0.195971,0.127895
0.24736109231412412,-0.0928727784709632,0.13888084928187727,2.3891527787854754,0.9253797725415553,-2.288138627931292,0.1860791265684366,-0.2377794153353572,0.2705734862833023,-2.1874142051821477,0.6524368503890257,2.1780305390993133,0.300406,0.038705,0.137672,-0.0007739389693399788,-0.00013435134798744748,0.0009079479477409962,0.298966,-0.107599,0.136472,0.228545,-0.105459,0.155183,0.299071,0.039197,0.124688,0.298363,0.197806,0.129439,0.223633,0.038847,0.129752,0.380935,0.1976,0.130557,0.378111,-0.107538,0.133901,0.380624,0.038974,0.123608,0.218722,0.195988,0.127832
0.24729650673270226,-0.09136726104116435,0.13883778409439326,2.3821761627455764,0.9267007815891575,-2.285523828124212,0.18650542066299916,-0.23728670316675307,0.26977035327756405,-2.1892805159674795,0.6496673928338922,2.175298860148594,0.30043,0.038706,0.137674,-0.000827883620098887,-0.00027834600587517096,0.000835884732253434,0.298962,-0.107581,0.136773,0.228502,-0.105405,0.15541,0.299068,0.039182,0.124644,0.298367,0.197783,0.12945,0.223614,0.038834,0.129623,0.380941,0.197587,0.130572,0.378105,-0.107568,0.133929,0.380657,0.038914,0.123618,0.218722,0.195967,0.127839
0.24747917975783346,-0.09268162711682912,0.13896758538845183,2.3928056808657363,0.9252510293071985,-2.264421172792023,0.18665925461828706,-0.23722182066792252,0.26914617837762833,-2.179728615514092,0.6497594100906884,2.177495437081414,0.300358,0.038645,0.137726,-0.0007637624299549023,-0.00041243986116831267,0.001151842369552864,0.298923,-0.107476,0.137753,0.228245,-0.105291,0.155648,0.299021,0.039192,0.124699,0.298315,0.19778,0.129501,0.223587,0.038781,0.129193,0.380886,0.197578,0.130619,0.378065,-0.107546,0.134064,0.3807,0.038834,0.123755,0.218665,0.195956,0.127903
0.24843896316587927,-0.09264978300940988,0.13849538265514375,2.3988419199194206,0.9197462067664377,-2.269355100041862,0.18675882659649848,-0.23598921111914517,0.26772568628025056,-2.177838008674074,0.6448090803384169,2.180378023039281,0.300344,0.038649,0.137796,-0.0007018675245261794,-0.00021642951543851348,0.00122392389475855,0.298962,-0.107315,0.138907,0.228013,-0.105183,0.155779,0.299009,0.03923,0.124713,0.298291,0.197802,0.129528,0.223413,0.038938,0.128891,0.380872,0.197598,0.130649,0.378053,-0.107523,0.134179,0.38071,0.038824,0.12377,0.218649,0.195981,0.127926
0.24862676136940715,-0.09234261418563125,0.13842749412047864,2.4044721977413026,0.9129681048532838,-2.2706507030112966,0.18710887886244057,-0.23496922665172817,0.266278621158123,-2.1800252142739875,0.6420281544892568,2.1765503023766,0.300351,0.038694,0.137882,-0.0006340938200306069,0.00015561762545948855,0.0012060491919182622,0.298969,-0.107247,0.139201,0.227935,-0.105147,0.15566,0.299019,0.039263,0.124606,0.298307,0.197838,0.129542,0.223356,0.039031,0.128583,0.380872,0.197639,0.130655,0.378057,-0.10747,0.134237,0.380516,0.039032,0.123463,0.218662,0.196021,0.127948
0.24888377031534908,-0.09200579067230222,0.13825791256803274,2.413840764323197,0.9063636452554606,-2.2736499330678708,0.18726713879466053,-0.2337867595614791,0.26491358299469947,-2.1850305753247348,0.639669659186998,2.1806266638649534,0.300313,0.03872,0.137955,-0.0005422541517622763,0.00043968653770293345,0.0011561190821964377,0.298956,-0.107255,0.139348,0.227808,-0.105188,0.155364,0.298994,0.039264,0.12461,0.298281,0.197831,0.129568,0.223323,0.039043,0.12847,0.380849,0.197629,0.13067,0.378037,-0.107469,0.134291,0.380495,0.039039,0.123472,0.21864,0.196026,0.127972
0.24867205461263658,-0.0917559802612066,0.1382019872325957,2.414397275753509,0.8990700823713902,-2.277988583277699,0.18740059325164557,-0.23249063623189928,0.26357579727995395,-2.187059108998277,0.6360140727398719,2.179762037861223,0.300316,0.038714,0.137876,-0.0005161025557777664,0.0001957295485987706,0.0010480504123428853,0.298962,-0.107286,0.139583,0.227735,-0.105218,0.155228,0.29899,0.039225,0.124604,0.298291,0.197794,0.129543,0.223314,0.039031,0.128398,0.380853,0.197587,0.130655,0.378058,-0.107506,0.134313,0.380504,0.039006,0.12348,0.218642,0.195983,0.127965
0.24782327506840224,-0.09171537848231193,0.13809792953181266,2.4116783841087797,0.8941337212384344,-2.270880462346966,0.1875798828256726,-0.23176900597310068,0.2618528536894322,-2.1901134968577485,0.6331404072216935,2.1874440657808965,0.300377,0.038728,0.137869,-0.000572111369053678,0.0002977860037791386,0.0007480851485063602,0.298987,-0.107313,0.139647,0.227713,-0.105268,0.155063,0.299026,0.039196,0.124612,0.298331,0.197746,0.129519,0.223343,0.038996,0.128395,0.380899,0.197557,0.130638,0.378068,-0.10754,0.134312,0.380545,0.038955,0.123476,0.218691,0.195944,0.127932
0.24774843913018701,-0.09143556654319165,0.13826628797236085,2.4164274564155033,0.8898738721277137,-2.2674200283427526,0.18787772356712815,-0.23069253556552533,0.26029086886286734,-2.1923591998816367,0.6307851627744344,2.181398049559056,0.300382,0.03864,0.137703,-0.0005857978578998066,-0.00036032859778584305,0.001121894342429847,0.298996,-0.107307,0.139615,0.227657,-0.105348,0.15488,0.299053,0.039188,0.124655,0.298346,0.197761,0.129501,0.223358,0.038999,0.128553,0.380908,0.197575,0.130623,0.378089,-0.107532,0.134295,0.380552,0.038961,0.123471,0.2187,0.195962,0.127902
0.24703141417205338,-0.0910414930042028,0.13830105929630995,2.410787067013125,0.8875633263781324,-2.258850023847577,0.18818886724489928,-0.23060570093524457,0.25879138025319576,-2.1955462815782387,0.6278016905984896,2.17837766266166,0.300413,0.038649,0.137705,-0.0006598116696260769,-0.0003143951903868945,0.0011978961359064683,0.299014,-0.107306,0.139486,0.227642,-0.10544,0.15472,0.299058,0.039223,0.124773,0.298375,0.197816,0.129484,0.223394,0.039005,0.128906,0.38093,0.197616,0.130608,0.378102,-0.107508,0.134267,0.380563,0.038992,0.123519,0.21872,0.196009,0.127874
0.24658831541538234,-0.09030298718285557,0.13818485201734304,2.4106975608005774,0.8868853502554308,-2.256103023477349,0.18811157518446445,-0.22763703049686554,0.2591084771065712,-2.1874971855535366,0.6279444573138916,2.1805180707332585,0.300455,0.038644,0.13772,-0.0008998970699514609,-0.00019447600559230167,0.001057912397109439,0.299031,-0.107329,0.139395,0.227681,-0.105518,0.154627,0.299086,0.03921,0.125001,0.298398,0.197806,0.129455,0.223509,0.038935,0.129457,0.38096,0.197603,0.130593,0.378089,-0.107378,0.134401,0.380574,0.038975,0.123653,0.218751,0.196003,0.127869
0.24600579513907433,-0.08994622045725581,0.13797116854447128,2.411376160202816,0.8858016230901047,-2.25713197828542,0.18854554597347975,-0.2265966995095313,0.25771291878890995,-2.1884155764206623,0.6248268873692104,2.1745521887534283,0.300399,0.038616,0.137727,-0.0007897327746871497,-0.0004544642841898367,0.0011758204117858898,0.298996,-0.107393,0.139465,0.227678,-0.105585,0.154718,0.299036,0.039194,0.125288,0.298346,0.197784,0.129512,0.223577,0.038861,0.130114,0.380909,0.19758,0.130624,0.378108,-0.107453,0.134477,0.380529,0.038939,0.123849,0.218709,0.195975,0.127895
0.24582937233149998,-0.0889815109184682,0.13791638478013873,2.4104942056816956,0.8854645871627094,-2.2526066369120525,0.18885371399444342,-0.22573232775330546,0.2564224770590067,-2.188922242607227,0.622074225898242,2.1747244399278394,0.300357,0.038646,0.137877,-0.0006180700685554907,0.00012766066715763405,0.0010980393413072146,0.298975,-0.107391,0.139563,0.227694,-0.105596,0.154937,0.299007,0.03918,0.125499,0.298317,0.197774,0.129539,0.223611,0.038835,0.130588,0.380881,0.197565,0.130642,0.378074,-0.107466,0.134468,0.380492,0.038942,0.123957,0.218676,0.19598,0.127915
0.24532560479640958,-0.08807257734182475,0.1378688115516603,2.4145920173038204,0.8838935097554239,-2.256447194348547,0.18897436562550066,-0.22456818042743207,0.25503502869045735,-2.190467471685249,0.6195478600558615,2.173101534297624,0.300387,0.038708,0.137893,-0.0006261759966910359,0.00039372005565106835,0.0008941232094866776,0.299011,-0.107375,0.139618,0.227798,-0.105554,0.155307,0.299042,0.039201,0.125572,0.298345,0.197808,0.129524,0.223659,0.03888,0.130817,0.380911,0.197592,0.13063,0.378086,-0.10742,0.134433,0.380518,0.038968,0.123963,0.218708,0.196016,0.127922
0.24546544299721712,-0.08772925060710307,0.1378706403951645,2.405226446745777,0.883954221121436,-2.2581148688746038,0.18934327205306292,-0.22347081074842812,0.2537760453668833,-2.192763261960336,0.6166658867971284,2.174084489368993,0.300376,0.038765,0.137832,-0.00045610376769650334,0.00021177649734695737,0.000980048217597537,0.299037,-0.107346,0.139627,0.227882,-0.105484,0.155686,0.299051,0.039245,0.125565,0.29836,0.197868,0.129513,0.223506,0.039251,0.1311,0.380927,0.197643,0.130624,0.378069,-0.107354,0.134376,0.380529,0.03901,0.123955,0.218716,0.196063,0.127902
0.24552857019454238,-0.08709637877857682,0.13802582417327167,2.4073865799423064,0.8838787711440608,-2.2552332336532377,0.1897381092042327,-0.222998287170738,0.2522410325918198,-2.189789051081328,0.6151791624439471,2.1706312277811195,0.30034,0.038754,0.137875,-0.00047815203752618976,0.0003077637728743506,0.000988073498570343,0.299011,-0.107349,0.139619,0.227947,-0.105448,0.156056,0.299012,0.039226,0.125611,0.298315,0.197853,0.129534,0.223489,0.039273,0.131223,0.380886,0.197638,0.130637,0.378039,-0.107346,0.134383,0.380486,0.039001,0.123978,0.218672,0.196049,0.127921
0.24544690068513159,-0.08612856937092539,0.13821958839523793,2.4023704870098674,0.8845598706810909,-2.25694847042156,0.1903065096654892,-0.22184859034866097,0.25070247171401977,-2.191030018797591,0.6134835706570372,2.1635341049362955,0.300354,0.038646,0.137729,-0.0006317704985525461,-0.00042034489855574046,0.001091867110726362,0.299012,-0.107416,0.139568,0.22809,-0.105415,0.156491,0.299009,0.039162,0.125655,0.298307,0.197774,0.129538,0.223489,0.039178,0.131381,0.38088,0.197574,0.130647,0.378057,-0.107425,0.13442,0.38049,0.03893,0.124006,0.218666,0.195978,0.127932
0.24507501274049276,-0.08516418499320744,0.13832005830112098,2.3976603630132054,0.8848111103211476,-2.2563556276695396,0.19117655170714856,-0.22135137720346454,0.24949594423151017,-2.195341073362507,0.6120889538621799,2.1551312432976184,0.300397,0.038575,0.137767,-0.0008758758442079432,-0.00022647993558257663,0.0010959007061298062,0.299031,-0.107428,0.139597,0.228271,-0.105338,0.157072,0.299016,0.039125,0.125633,0.298309,0.197738,0.129511,0.223487,0.039148,0.131417,0.380884,0.197544,0.130635,0.378097,-0.107485,0.134471,0.380496,0.038901,0.123987,0.218674,0.195949,0.127903
0.244839671215415,-0.08537018536952135,0.13863644822734594,2.399071115744017,0.8829966018096269,-2.263399146342077,0.19081842265844343,-0.22026085111460092,0.24923698665428162,-2.1969707779537444,0.6103737666437442,2.1631016047048934,0.300401,0.038571,0.137763,-0.0007717240503677751,-0.00043049460437331264,0.0012818337128862119,0.299066,-0.107389,0.139835,0.228456,-0.105205,0.157869,0.299021,0.039163,0.125638,0.29832,0.197772,0.129555,0.223498,0.039199,0.131445,0.380888,0.197575,0.130664,0.37815,-0.107485,0.134516,0.380504,0.038926,0.123993,0.218672,0.195978,0.127933
0.24508742983937265,-0.08500563645565506,0.13842325399923325,2.402521037208377,0.8817130737339682,-2.2642917810227097,0.19084647885119913,-0.21940392834302785,0.24760903299963477,-2.200390727989874,0.6059597376648901,2.1563325080096005,0.300406,0.03867,0.137887,-0.0006381153369488931,0.0001916158344652865,0.0012040609910588754,0.299134,-0.107277,0.140115,0.228728,-0.10493,0.159014,0.299036,0.039221,0.125563,0.29834,0.197834,0.129523,0.223501,0.039313,0.131492,0.380917,0.19763,0.13065,0.378199,-0.107465,0.134502,0.380518,0.038991,0.123917,0.2187,0.196031,0.127909
0.2457858708173037,-0.08528484142744538,0.13850113710540535,2.4073768428647906,0.8788564185103709,-2.26007484521238,0.19092064522171018,-0.21806687508010866,0.24589996906936168,-2.2028380882676553,0.6023750379170623,2.1534641514965758,0.300379,0.038735,0.137921,-0.0005602105252223451,0.0003876957704139238,0.0010861084888944658,0.299201,-0.107194,0.140644,0.228995,-0.104624,0.160196,0.299046,0.039231,0.125583,0.298345,0.19785,0.129533,0.223535,0.039196,0.131562,0.380909,0.197645,0.130654,0.378204,-0.107456,0.134523,0.38052,0.038996,0.12392,0.218702,0.196053,0.127922
0.24599179465174675,-0.08508922452795503,0.13870214680927992,2.4087258026036773,0.8745170199409686,-2.261634849308111,0.1910176416314244,-0.21771048196280005,0.24419294341087344,-2.2071250336706134,0.5984335568330209,2.1509058470974916,0.300337,0.038709,0.137878,-0.0004660677416598277,0.00013576742461240477,0.0009980315555747905,0.299246,-0.107191,0.14135,0.22919,-0.104396,0.161451,0.299008,0.039192,0.125726,0.298307,0.197801,0.129578,0.223508,0.039212,0.131909,0.380868,0.197597,0.130678,0.378175,-0.107509,0.13458,0.380479,0.038957,0.123998,0.218663,0.196009,0.127958
0.24626838761270048,-0.0853981708989143,0.13877815447720887,2.4068270724881424,0.8708534501469172,-2.263903418461847,0.19138682311969993,-0.21652693569102885,0.2423203216505051,-2.209093200992898,0.5950561893929496,2.1436121332383937,0.300344,0.038711,0.137874,-0.0004500857536313484,0.00017978529950426515,0.0009540403870475893,0.29932,-0.10712,0.142087,0.229462,-0.104197,0.162668,0.299024,0.039165,0.125835,0.298319,0.197795,0.129548,0.22354,0.039235,0.132276,0.380884,0.197583,0.130664,0.378204,-0.107536,0.134598,0.380489,0.038948,0.124011,0.218684,0.196006,0.127929
0.24678128046542408,-0.08572764577206965,0.13888758222165704,2.4096238607529967,0.8665016555268985,-2.2536430818370157,0.19134081296402214,-0.21555419831708075,0.2404527254703045,-2.2119717227949893,0.5905825614057683,2.1397432220774837,0.300417,0.038715,0.137692,-0.0006838491115914591,-0.0003762741750641297,0.0008018712996258387,0.29942,-0.107021,0.142681,0.229741,-0.103978,0.163885,0.299054,0.039178,0.125897,0.298365,0.197814,0.129499,0.223614,0.039281,0.132657,0.380931,0.197603,0.130637,0.378276,-0.107535,0.134668,0.380507,0.03895,0.124013,0.218721,0.196016,0.127888
0.24698449587225918,-0.08570690049582716,0.13920500888082385,2.408319841371874,0.8625373594970216,-2.254687391384716,0.19182549494636056,-0.21464392186391357,0.23866903275299073,-2.2129585164006924,0.5873060607722145,2.130040238531075,0.30042,0.038674,0.137753,-0.0008479262504055107,-0.00015041545656525987,0.0009799361509563592,0.299487,-0.106943,0.143257,0.229895,-0.103841,0.16475,0.299058,0.039176,0.126025,0.298371,0.197833,0.129496,0.223624,0.039299,0.133004,0.380929,0.197619,0.130627,0.378137,-0.107522,0.13436,0.380516,0.038951,0.124023,0.218725,0.196035,0.127887
0.2472330045223236,-0.0861727912763953,0.13951621514233947,2.406206146545035,0.8572330211134778,-2.248720389762515,0.19246248554730414,-0.214306743441999,0.23695952665793896,-2.2205059923424955,0.585432394372545,2.12029157097754,0.300429,0.038624,0.137747,-0.0009638993997202833,-0.00018651949794749396,0.0010779100025828643,0.299509,-0.106912,0.143618,0.229934,-0.103788,0.165071,0.299051,0.039159,0.126092,0.298358,0.197823,0.129493,0.22362,0.039297,0.133238,0.38092,0.197596,0.130609,0.378137,-0.107545,0.134381,0.3805,0.038936,0.124045,0.218707,0.196018,0.127872
0.24676215479969982,-0.08450220041024681,0.14317652310478687,2.405457889588263,0.8581079675522767,-2.2424204524444544,0.19267793310236928,-0.21497944203129413,0.23636516013479233,-2.2331752635048097,0.583109477872227,2.117877058863182,0.300427,0.038571,0.137753,-0.0009379076858886878,-0.0001665195638870825,0.0011079217966503967,0.29952,-0.106927,0.143838,0.229869,-0.103808,0.164974,0.299025,0.039135,0.126159,0.298336,0.197767,0.129489,0.223615,0.039279,0.133321,0.380905,0.19755,0.130607,0.378122,-0.107582,0.134396,0.38049,0.0389,0.124072,0.218703,0.195967,0.127861
0.2467894057482481,-0.08518460510838027,0.1427969274151623,2.403717199730865,0.8518288310781166,-2.235626167411506,0.1935927850347757,-0.21364217819637063,0.2344500042796135,-2.2439240249905694,0.5821472247923254,2.104609224924607,0.300351,0.038587,0.137771,-0.0007178661733952643,-0.00022043571548866625,0.0012139207292255073,0.299465,-0.106923,0.143931,0.229658,-0.103946,0.164625,0.298979,0.039128,0.126176,0.298292,0.197773,0.129519,0.223571,0.039267,0.133262,0.380852,0.197547,0.130627,0.378084,-0.107576,0.134433,0.380449,0.03891,0.124086,0.218648,0.195974,0.127888
0.24672590353786944,-0.08514148875054714,0.14249721840548515,2.4071319179149757,0.8435973654351865,-2.230307809912173,0.19420084424978493,-0.21234286996522547,0.23266653803694248,-2.2445267540395077,0.5803423681568155,2.0944636307517763,0.300336,0.038689,0.137866,-0.0005701098320185159,0.00020569554390535642,0.0010680585330122682,0.299436,-0.106889,0.143781,0.229442,-0.104105,0.163945,0.298977,0.039197,0.126179,0.298288,0.197817,0.129526,0.223554,0.039291,0.13312,0.380865,0.197597,0.13064,0.378086,-0.107521,0.134455,0.380448,0.038954,0.124089,0.218657,0.196029,0.127895
0.24624347007870667,-0.08552873390707372,0.14228530553269386,2.4078764298419353,0.8334561271437132,-2.2275021993772635,0.1947410384851694,-0.21183686543884875,0.23114966480231286,-2.2474888168911726,0.5781268201730143,2.0825745551266426,0.300387,0.038797,0.13786,-0.0005540881326433305,0.00023379108976235349,0.0007540647347143774,0.299433,-0.106892,0.143527,0.229221,-0.104248,0.163166,0.299028,0.039239,0.126173,0.298337,0.197876,0.129554,0.223585,0.039304,0.13301,0.380908,0.197652,0.130666,0.37813,-0.107469,0.134494,0.38048,0.038996,0.124091,0.218696,0.196071,0.127918
0.24569624269753693,-0.08565777949690817,0.14177904204520583,2.4056099377986975,0.8236740815000291,-2.2236054660640767,0.19557722305357453,-0.21072343964451554,0.22958082102942468,-2.251051179186307,0.5766971663853828,2.0744300702495817,0.300367,0.038766,0.137897,-0.00038813307472676387,0.0002738113553039188,0.0009720530610951207,0.299394,-0.106926,0.143269,0.229042,-0.104416,0.162407,0.299024,0.039248,0.126239,0.298341,0.197889,0.129582,0.223581,0.039298,0.133021,0.380913,0.197656,0.130676,0.378135,-0.107464,0.134503,0.380482,0.039,0.124138,0.218696,0.196085,0.127946
0.2449486750096082,-0.08613884446072576,0.14133882660019398,2.407115439783796,0.8156028860548351,-2.2148463361173722,0.19630408349120618,-0.20976928524994853,0.2280738803255558,-2.251835381074476,0.5766083096820586,2.060259789940721,0.300338,0.038719,0.137934,-0.0003941741357247414,0.0003297918602600062,0.0010560648995802226,0.299327,-0.10702,0.142933,0.228883,-0.104574,0.161737,0.298976,0.039232,0.126332,0.298307,0.197868,0.129585,0.223542,0.039267,0.133171,0.380879,0.197636,0.130683,0.378098,-0.107483,0.134496,0.380445,0.038983,0.124207,0.218665,0.196067,0.127948
0.24508126295804972,-0.08639325048160551,0.1413393274936378,2.399045649541285,0.8101410104610925,-2.2146283737158083,0.1972396399936676,-0.20898082470127943,0.2264422275850773,-2.257638960968018,0.5758296396081104,2.043170226684662,0.300354,0.038647,0.137893,-0.0005760567012569271,0.00010368488828192342,0.0010940297550766807,0.299311,-0.107119,0.142685,0.228827,-0.104701,0.161355,0.298983,0.039179,0.126384,0.298304,0.197804,0.129576,0.223553,0.039235,0.133301,0.380878,0.197587,0.130667,0.378082,-0.10755,0.134458,0.380447,0.038937,0.124232,0.218665,0.196008,0.12792
0.24494284147322182,-0.0869490157818198,0.14131670574787258,2.392465632158654,0.805468382625508,-2.213059943238574,0.19845455815875526,-0.20824134846511486,0.2251731715321541,-2.2554207311751977,0.5773756017635079,2.0163604547647536,0.300373,0.0386,0.137714,-0.0008276950045764087,-0.0005204849283740448,0.0011717844644419104,0.299298,-0.107156,0.142538,0.228858,-0.104736,0.161279,0.298987,0.039159,0.126363,0.298307,0.19779,0.129513,0.22356,0.039234,0.133359,0.380887,0.197561,0.130625,0.37808,-0.10756,0.134394,0.380448,0.03893,0.124201,0.218676,0.195995,0.127874
0.244988051380217,-0.08650079208603498,0.14212895688611268,2.391891519088218,0.8053657003794553,-2.2146497205489513,0.19856633283042904,-0.20972253826498988,0.225089656311512,-2.2590395350742947,0.577103613561869,2.0109326704754205,0.300387,0.038572,0.13774,-0.0008537386631447246,-0.00043051813427851616,0.0012138160758987946,0.299316,-0.107189,0.1425,0.228985,-0.104707,0.161618,0.29899,0.039147,0.126374,0.298313,0.197771,0.129516,0.223572,0.039236,0.133479,0.380889,0.197545,0.130621,0.378093,-0.107574,0.134382,0.380454,0.038911,0.124196,0.218685,0.195982,0.127876
0.24499871841818094,-0.08731063824605939,0.14196735468271376,2.386690796185964,0.7968659139243589,-2.2092697568381796,0.19987739721757172,-0.20797521177315714,0.223510243721962,-2.262138964081299,0.5774208428289199,1.9830650516691808,0.300443,0.038625,0.137712,-0.0008378305817816499,-0.00034640963491064055,0.0009778548057436495,0.299364,-0.107164,0.14253,0.229182,-0.104619,0.162165,0.299017,0.039164,0.126423,0.298343,0.197792,0.129502,0.223617,0.039285,0.133771,0.380914,0.197569,0.130613,0.37812,-0.10756,0.134371,0.380486,0.038924,0.124212,0.21872,0.196005,0.127849
0.24488600616157058,-0.08794864761948581,0.14211074999186396,2.388713861291313,0.7881121548416682,-2.207196305229486,0.2007266596726179,-0.2062499163772762,0.22199109495639802,-2.2622101702108015,0.5767199223703805,1.9645293274662157,0.300426,0.038651,0.137705,-0.0007538807497181916,-0.00024037388955347832,0.0009919093120219593,0.299421,-0.107126,0.142634,0.229394,-0.104504,0.162862,0.299042,0.039197,0.126535,0.298369,0.197822,0.129499,0.223667,0.03935,0.134199,0.380935,0.197593,0.130609,0.378146,-0.107539,0.134344,0.380496,0.038939,0.12425,0.218739,0.196032,0.127844
0.24449990938901894,-0.0882066304121315,0.1421288403992653,2.384114590177136,0.7768302846800698,-2.1984725660850972,0.2022079116247296,-0.205126251519233,0.22068962067604064,-2.264021721426726,0.5761174305771087,1.934139726791149,0.30039,0.03872,0.137744,-0.000661944430445803,-0.0001282866077188798,0.0008659574865738324,0.299438,-0.107085,0.142896,0.229616,-0.104376,0.16377,0.299021,0.039235,0.126695,0.29835,0.197848,0.129524,0.223695,0.039399,0.134616,0.380919,0.197608,0.130633,0.378146,-0.107519,0.134365,0.380473,0.038955,0.124317,0.218721,0.196052,0.127884
0.2440275596141815,-0.088559538559705,0.14201796821790935,2.385937670690434,0.7674002087885395,-2.1981004945284752,0.20311901272922753,-0.2039070922572315,0.2192670148153305,-2.2648154548440407,0.5749194905097312,1.9173347524319437,0.300393,0.038743,0.137719,-0.0006658898875257695,-0.00026028164110579954,0.0008459132900819753,0.299504,-0.107047,0.143312,0.229895,-0.104188,0.164819,0.299038,0.039238,0.126785,0.298362,0.197867,0.12953,0.223759,0.039429,0.134988,0.380928,0.197626,0.130631,0.378144,-0.107511,0.134359,0.38048,0.038958,0.124346,0.218726,0.196067,0.127882
0.2438691791012883,-0.08938455890297886,0.1419461424278021,2.379681972889668,0.7582316212403318,-2.1899943155218518,0.20419007414126397,-0.20216708314254883,0.21809730563902857,-2.2625781619929284,0.5737117978773548,1.8902276600066372,0.300399,0.038723,0.137901,-0.0006342094569975496,0.0004717183548263254,0.0008881495257763734,0.29957,-0.106984,0.14385,0.230182,-0.104018,0.165962,0.299052,0.039239,0.126892,0.298353,0.197853,0.12952,0.2238,0.039429,0.135371,0.380932,0.197622,0.130634,0.378145,-0.107509,0.134383,0.380475,0.038951,0.12436,0.218726,0.196055,0.127875
0.2433419524163008,-0.08935373363357779,0.14210028947296738,2.3774255924269276,0.7496183181957303,-2.187070548392967,0.20525871001791954,-0.20093215730172398,0.21671412793517114,-2.261509883157663,0.5723589906898542,1.8665955477955443,0.300403,0.038621,0.13779,-0.000801891932117064,-0.00020043218687821904,0.0010779195331247662,0.299647,-0.106955,0.144519,0.230447,-0.103736,0.167295,0.299018,0.039217,0.127025,0.298329,0.197843,0.129569,0.223814,0.039465,0.135815,0.380901,0.197601,0.130646,0.378126,-0.107542,0.134415,0.380445,0.038939,0.124425,0.218689,0.196034,0.127908
0.2431993641197681,-0.08938867760986086,0.1420215327154398,2.373786172453996,0.7413098408682606,-2.1845656660512804,0.20660095628774164,-0.19905743474727872,0.21562651042461395,-2.262242315760078,0.5719142556655942,1.83229210087059,0.300397,0.038581,0.137779,-0.0007697694439077504,-0.00036248951570735667,0.0012718603118088564,0.299759,-0.106872,0.145128,0.230797,-0.103485,0.16866,0.299004,0.039234,0.127179,0.298322,0.197834,0.129571,0.223886,0.039487,0.136386,0.380895,0.197596,0.130655,0.378123,-0.107537,0.134444,0.380432,0.038931,0.12445,0.218682,0.196037,0.127907
0.2435869609445333,-0.08785018884760137,0.14548194924774766,2.374149814848904,0.7411361009462323,-2.184859278633456,0.20634319939386844,-0.19848989055264,0.21557003196251395,-2.254454308876885,0.5716013608718762,1.8339457121449394,0.300378,0.038609,0.137756,-0.0007777319234276253,-0.00043447978806284966,0.0012338308889981557,0.299841,-0.106754,0.145783,0.23134,-0.103181,0.17037,0.298998,0.039251,0.127308,0.298307,0.197841,0.12956,0.223951,0.039571,0.13703,0.380885,0.1976,0.13065,0.378113,-0.10754,0.134443,0.380432,0.038939,0.124482,0.218667,0.19605,0.127901
0.24364887976646427,-0.08850536672550438,0.14578486164572835,2.3714455288204483,0.7332783713490586,-2.1825244219452236,0.20733974435812233,-0.19607826203018427,0.21437164678263665,-2.2543021781960055,0.5704819831336573,1.8042189040322816,0.300332,0.038677,0.137873,-0.0005960865376893036,0.00015566856173487688,0.0011120462813820739,0.29993,-0.106608,0.146531,0.231941,-0.102764,0.172367,0.298969,0.039269,0.127464,0.29828,0.197848,0.12956,0.223969,0.039662,0.137698,0.380858,0.197602,0.130643,0.378092,-0.107535,0.134443,0.380394,0.038951,0.124497,0.21864,0.196065,0.127905
0.24353479246199133,-0.08855565830427406,0.14589487182441355,2.37653352632531,0.7240693746279745,-2.1787460324789345,0.20813521994096038,-0.1942612888479233,0.21291824037051202,-2.253453872102012,0.5683260341581834,1.7825324811738872,0.300309,0.038705,0.1379,-0.00043018117257976197,0.0003517784367972365,0.0010300755731715934,0.299992,-0.106359,0.147456,0.232643,-0.102326,0.174436,0.298976,0.039266,0.127696,0.298278,0.197839,0.129555,0.224067,0.039724,0.138462,0.380854,0.197598,0.130641,0.378097,-0.107557,0.134445,0.38039,0.038952,0.124551,0.218642,0.196065,0.127898
0.24315702931284905,-0.08938442883855102,0.14612860268372296,2.3749194184756153,0.7118109494552,-2.1758479190004056,0.20923268718147278,-0.192528807682395,0.21186092732405665,-2.2545473814556045,0.5660693989792475,1.7473831311989434,0.300378,0.038689,0.137638,-0.00010183024673900675,-0.0004100421509122533,0.000827979075347698,0.300499,-0.106527,0.147768,0.233383,-0.101959,0.176423,0.299009,0.039267,0.127931,0.298316,0.19783,0.129551,0.224256,0.039794,0.139451,0.380886,0.197584,0.130636,0.378127,-0.107561,0.134431,0.380421,0.038939,0.124574,0.218686,0.19606,0.127878
0.24268980471640828,-0.0900470203888416,0.146181930362463,2.3748677370641857,0.7018518452617633,-2.17794253018932,0.21018189669752121,-0.19086313048523668,0.21074388967895508,-2.255335134305612,0.5634908388538168,1.72589854178187,0.300381,0.03867,0.137657,-3.377119249971653e-05,-0.00044001755379427586,0.0010399924763024719,0.300741,-0.106442,0.148698,0.234041,-0.101597,0.17821,0.299043,0.039282,0.128202,0.298345,0.19786,0.12957,0.224425,0.039848,0.140359,0.380919,0.197612,0.130648,0.378176,-0.107549,0.134464,0.380454,0.038942,0.124629,0.218716,0.196074,0.127883
0.2425879261702299,-0.09070688058614729,0.14613516089323164,2.379117596896747,0.6912887508225336,-2.174237731121497,0.21128266466659304,-0.18876188509714606,0.2098817330675125,-2.2547795022242187,0.5609921955804612,1.699067800153772,0.300396,0.038697,0.137731,-4.586149132071512e-05,-0.0002560248095332716,0.0010819940235999145,0.300933,-0.106283,0.149447,0.234655,-0.101265,0.179928,0.299076,0.039334,0.128481,0.298379,0.197899,0.129589,0.22457,0.039958,0.141242,0.380937,0.197656,0.13067,0.378198,-0.107513,0.134486,0.380459,0.038967,0.1247,0.218726,0.196124,0.127883
0.2420521575212478,-0.0912417055134773,0.14592683581534027,2.376378482091023,0.6805350305025617,-2.1674580518164883,0.21204498293071986,-0.18690766699162129,0.20910651036536693,-2.255202253575753,0.5572222873991801,1.6756850776865004,0.300452,0.038654,0.137548,-0.000307469594435871,-0.0010201597715623469,0.0010398430721908999,0.301136,-0.10618,0.150021,0.235123,-0.101055,0.18121,0.299104,0.039315,0.12874,0.298397,0.197903,0.129581,0.224713,0.040042,0.142207,0.380959,0.197648,0.130668,0.378222,-0.107523,0.134491,0.380464,0.038956,0.124727,0.218751,0.196115,0.127866
0.24167981122732157,-0.09115759718346592,0.14609635912436247,2.3755444639515177,0.6717423263474613,-2.1704752581536035,0.21296471093940736,-0.184486062620461,0.2080397285219431,-2.2513872123118857,0.5538199967374448,1.64862741385907,0.300422,0.038599,0.137537,-0.00038145403902957556,-0.0010342012778808431,0.0010558026517207665,0.309195,-0.118717,0.220189,0.23548,-0.1009,0.182257,0.299097,0.039294,0.129023,0.298361,0.197867,0.129576,0.224817,0.040078,0.143054,0.380929,0.197617,0.130659,0.378189,-0.107558,0.134491,0.380442,0.038934,0.124746,0.218719,0.196093,0.127865
0.2410013709455729,-0.08993928368777035,0.1505423242777884,2.3766870725476705,0.6709884122138957,-2.1862606795039934,0.21548044122868773,-0.18982408925142885,0.20954577411174774,-2.2698337114930442,0.5455973202218968,1.692810963472816,0.300371,0.038555,0.137506,-0.00024527359262426,-0.0012461428144496165,0.001165847044913448,0.308947,-0.118155,0.218677,0.235663,-0.100891,0.182895,0.299115,0.039253,0.12934,0.298318,0.197814,0.129577,0.224865,0.040087,0.143768,0.380892,0.197572,0.130656,0.378159,-0.107612,0.13448,0.380414,0.038894,0.124774,0.218682,0.196048,0.127864
0.24149255470931524,-0.09000921499514578,0.15441849401715396,2.376021206246799,0.6579189729893608,-2.156181119076458,0.2152257600136995,-0.18429649517357352,0.2094094255923033,-2.2724632921809693,0.5466801709921333,1.6499604881653838,0.300371,0.038619,0.137621,-0.0002397913331469793,-0.0004421131679474572,0.0009439469224432216,0.308739,-0.117538,0.217218,0.235754,-0.100934,0.183148,0.299145,0.03926,0.129541,0.29832,0.197823,0.129527,0.224948,0.040131,0.144286,0.380894,0.197578,0.130607,0.37817,-0.10761,0.134442,0.380428,0.038915,0.12476,0.218691,0.196058,0.127799
0.2409919956192374,-0.08960085604649778,0.15199933011639116,2.3843082082185028,0.6428950084453559,-2.155398027355375,0.2159660484152436,-0.1822377326873541,0.20806984964942932,-2.243937481267011,0.5394480119346785,1.646674984243024,0.300374,0.038685,0.137576,-0.00011576804770258935,-0.0005120524300183204,0.0009059702983711366,0.308479,-0.116944,0.215956,0.235692,-0.100993,0.183139,0.299177,0.039289,0.129684,0.298325,0.197861,0.129511,0.225,0.040187,0.144618,0.380895,0.19761,0.130602,0.378182,-0.107577,0.134454,0.380436,0.038941,0.124757,0.218703,0.196095,0.127782
0.2398953324466943,-0.09071875980389116,0.15032754582855107,2.38945238117057,0.6310271564737028,-2.161015802277475,0.2154399322872758,-0.18170909167051316,0.2068864441494942,-2.260171544329928,0.5360236425494037,1.6302010317059485,0.300331,0.038718,0.137648,2.2147570555030742e-05,-0.00028598856986951886,0.001032003075383987,0.301085,-0.106031,0.15161,0.23545,-0.101088,0.182836,0.299161,0.039356,0.129762,0.298297,0.197912,0.12953,0.224957,0.040213,0.144614,0.380876,0.197657,0.130622,0.378182,-0.107542,0.134489,0.38041,0.038978,0.124778,0.218681,0.196142,0.127794
0.23861974637955424,-0.08976777206224201,0.14788044838178158,2.385744427152048,0.617189113307588,-2.172264459826237,0.21671208808624745,-0.1803999655196667,0.20622909610664847,-2.2597988802295923,0.5304115380508804,1.6226017592418076,0.300349,0.038673,0.137599,-5.365312650454731e-05,-0.0006520285198906823,0.0010639824079358834,0.301176,-0.105809,0.15166,0.235307,-0.101229,0.182501,0.299168,0.039318,0.12975,0.298297,0.197884,0.129561,0.224929,0.040168,0.144442,0.380883,0.197634,0.130643,0.378185,-0.107556,0.134513,0.380414,0.038962,0.124803,0.218684,0.196122,0.127818
0.23794422286599876,-0.09060178852844236,0.14729383226695658,2.38559425145652,0.6057153483781761,-2.166975126529861,0.21669378404605386,-0.17761820405662063,0.20466577400124075,-2.252279998875227,0.5251968505760665,1.6076439914986267,0.300338,0.038635,0.137665,-0.00014764577038130968,-0.0006440811793893926,0.0010999523411506639,0.301058,-0.106072,0.151502,0.235055,-0.101354,0.18203,0.299133,0.039297,0.129766,0.29829,0.19786,0.129616,0.224866,0.040116,0.144273,0.380862,0.197615,0.130674,0.37815,-0.10758,0.134562,0.380393,0.038937,0.124848,0.218661,0.196097,0.127847
0.23584694153070446,-0.0913207846856117,0.14603003151345254,2.3888973677521825,0.5962461810041896,-2.176058204032155,0.21812837569898366,-0.17531486218738557,0.20397264296483994,-2.2548787422629744,0.5191786149564043,1.5971243127100632,0.300363,0.038638,0.137666,-0.0001756346626324058,-0.0006500986787608969,0.0011239427917305853,0.301106,-0.105762,0.151483,0.2349,-0.10144,0.181594,0.299141,0.039312,0.129787,0.298316,0.197896,0.129602,0.224832,0.040098,0.144108,0.380884,0.197641,0.130682,0.378162,-0.107544,0.13457,0.380406,0.038944,0.124888,0.218682,0.19612,0.127843
0.23683855938017367,-0.09201368124759193,0.14607556622210144,2.3951066271832593,0.5916307994968464,-2.1776792525805573,0.2182673313702345,-0.1755002971586883,0.20323180127036572,-2.2611389010918828,0.515498105287614,1.5878691822171245,0.300417,0.038667,0.137676,-0.00021173754567100156,-0.0005281052153603163,0.0009939440083051106,0.301021,-0.106114,0.151072,0.234812,-0.10157,0.181224,0.29919,0.039318,0.129822,0.298361,0.197907,0.129582,0.224869,0.040106,0.144132,0.380929,0.197663,0.130671,0.378197,-0.107538,0.134565,0.380434,0.038947,0.124903,0.218724,0.196134,0.127812
0.2366766370773315,-0.09079124904501434,0.1505618008786738,2.3939527834976655,0.5956447285325387,-2.137924708163319,0.21873305916887523,-0.17004466606330876,0.2049192961870432,-2.250280620467308,0.5172235868802153,1.588240645619333,0.300378,0.038673,0.137661,-9.572975912530417e-05,-0.0004940523529938457,0.0010939762431315977,0.30088,-0.10615,0.15078,0.234721,-0.101683,0.180838,0.299173,0.039336,0.129828,0.298337,0.197924,0.129573,0.224867,0.040113,0.144206,0.380907,0.197675,0.130658,0.378184,-0.107538,0.134543,0.380412,0.038958,0.124888,0.218699,0.196147,0.127813
0.23663305222690106,-0.0905066680768728,0.15093659731018544,2.388802243994915,0.5938281214770159,-2.1370745798960504,0.2197406565726995,-0.16783650274002554,0.20483758197903634,-2.248681192498064,0.5167704538138728,1.5805237930057032,0.300325,0.038685,0.13772,-1.7892043373641668e-05,-0.0002080092852037537,0.001037998045945526,0.300735,-0.106254,0.150567,0.234648,-0.101766,0.180577,0.299139,0.039313,0.129854,0.298292,0.19789,0.129572,0.224845,0.040098,0.144274,0.380867,0.197638,0.130658,0.378156,-0.107564,0.134522,0.380392,0.038945,0.124896,0.218654,0.196122,0.127808
0.23707473426759246,-0.09074288675525782,0.15116616958904266,2.3908957156607604,0.5927774829822333,-2.137411073397434,0.22080251595360037,-0.16720494465607405,0.2045038662006855,-2.249684245771134,0.5160806855940128,1.5681569076011144,0.300332,0.038656,0.137638,-1.1735901824376098e-05,-0.0005240059028858463,0.0010079968398096506,0.301052,-0.106783,0.15166,0.234625,-0.101846,0.180426,0.299151,0.039287,0.129885,0.298304,0.197846,0.129573,0.224852,0.040058,0.144287,0.380873,0.1976,0.130635,0.378161,-0.10759,0.134511,0.380402,0.038921,0.124903,0.218676,0.196085,0.127781
0.23728424156010147,-0.0907748609271049,0.15160538324716688,2.3850912939525433,0.5916431467441141,-2.140757657624886,0.2223321285802126,-0.1656499493686855,0.20443830718386174,-2.2491349680425046,0.5151700398372309,1.561507263350685,0.300393,0.038665,0.137464,-0.00024755337161594284,-0.0010661036075246082,0.0008378679921755262,0.301106,-0.106839,0.151748,0.234565,-0.101919,0.180217,0.299177,0.039284,0.129859,0.298329,0.197842,0.129528,0.224857,0.040046,0.14424,0.380897,0.1976,0.130618,0.378181,-0.107603,0.134484,0.380426,0.038926,0.124881,0.218698,0.19608,0.127743
0.23734295193701976,-0.09088905749475953,0.1522184651737213,2.3789333414299136,0.5915911223742033,-2.1416836233256884,0.22341901848602294,-0.1648573826659322,0.20422341510140896,-2.2495584669649524,0.5140379747343605,1.5530310077333453,0.300397,0.038615,0.137526,-0.00033553105014926795,-0.000936168006299873,0.0010018428594355995,0.301031,-0.10685,0.151608,0.234483,-0.101984,0.180072,0.299195,0.039283,0.129899,0.298338,0.197854,0.129554,0.224867,0.040043,0.144245,0.380911,0.197615,0.130634,0.378197,-0.107597,0.134514,0.380431,0.038919,0.124909,0.218705,0.196078,0.127768
0.23759337732046842,-0.09077611821657416,0.15321206303599477,2.3725053722577183,0.5906295499911347,-2.140127926047171,0.22419931571859117,-0.1634053307671547,0.203981281354785,-2.2506080565273825,0.5131368557887582,1.5420050602756419,0.300412,0.038594,0.13748,-0.0002652824722832165,-0.0012101571434706266,0.0011858393442214918,0.300782,-0.106251,0.150099,0.234423,-0.102013,0.179975,0.299205,0.039287,0.129897,0.298361,0.197857,0.129549,0.224876,0.040033,0.144186,0.38093,0.197618,0.130629,0.378217,-0.107583,0.134523,0.380449,0.038919,0.124895,0.218724,0.196074,0.127745
0.2380405595526099,-0.09108543310341236,0.15419514213594793,2.3674578210748445,0.5912897616948424,-2.1406724575452367,0.22529103168964384,-0.16249621246001128,0.2033802500064373,-2.247403220021587,0.5120062806610961,1.5333681617152104,0.300429,0.038591,0.137486,-0.00040143288308239845,-0.001066213418274399,0.001063785893034451,0.300806,-0.106209,0.150243,0.234425,-0.101971,0.18006,0.299208,0.039274,0.129879,0.298348,0.197842,0.129537,0.224856,0.040025,0.144138,0.380924,0.19761,0.130619,0.37822,-0.107603,0.134523,0.380452,0.038912,0.124872,0.218727,0.196063,0.127742
0.2379055131852627,-0.09104131958496567,0.1553855095808506,2.359924319101652,0.5904402418008122,-2.13708188276002,0.22607833046764134,-0.16052775904214384,0.20280565148425103,-2.244854937670495,0.5117335248964712,1.5190099029507964,0.300344,0.038624,0.137664,-9.973376574851613e-05,-0.0004720562399009598,0.001127976340422245,0.300794,-0.106165,0.150417,0.23448,-0.101863,0.180426,0.299161,0.039269,0.12992,0.2983,0.197839,0.129563,0.224822,0.04004,0.144205,0.380875,0.197601,0.130645,0.378174,-0.107599,0.134543,0.380411,0.038912,0.124891,0.218661,0.19607,0.127767
0.23835940398424865,-0.09010548434916135,0.15510571982207894,2.3625787962335867,0.5917266492740553,-2.126546658845244,0.22658901819014546,-0.1596560962302685,0.20452112141156198,-2.237542385888232,0.5114403609865706,1.5205919925418572,0.300328,0.038668,0.13765,-1.5793404010599666e-05,-0.0003840084921081935,0.0010759968637854358,0.300918,-0.10602,0.150708,0.234626,-0.101691,0.180952,0.299152,0.039292,0.129931,0.298289,0.197871,0.129542,0.224835,0.040091,0.144352,0.380866,0.197624,0.130629,0.378159,-0.107569,0.134557,0.380396,0.038942,0.124871,0.218651,0.196095,0.127751
0.23869712407290938,-0.0904174005245566,0.15520952125179766,2.3603231647768093,0.5899370792738144,-2.1245700169973825,0.22721900724565983,-0.15783480632191899,0.2042697345581055,-2.235507497861925,0.5096402000305047,1.5112200308175785,0.300347,0.03872,0.137618,-6.782189623817277e-05,-0.00038803112493423526,0.0009179867770281057,0.300926,-0.106128,0.151371,0.234853,-0.101535,0.181666,0.299159,0.039355,0.130005,0.298302,0.197912,0.129514,0.224882,0.040173,0.144674,0.380883,0.197667,0.130628,0.378164,-0.107526,0.134573,0.380397,0.038975,0.124875,0.218662,0.196145,0.127739
0.23905080305039877,-0.09054763837164637,0.15559022356647254,2.3574286312338177,0.5885991354641497,-2.1257616945949374,0.22822482925760743,-0.15693126817289,0.20394706211471558,-2.2356129053607163,0.5072210221015855,1.502970322940497,0.300314,0.03876,0.137834,-0.0003380650647737742,0.0001358380627431399,0.0009580228877838447,0.30095,-0.106135,0.151722,0.235147,-0.101366,0.182593,0.29915,0.039365,0.130174,0.298288,0.197933,0.12957,0.224967,0.040223,0.145162,0.380869,0.197677,0.130656,0.37815,-0.107517,0.13461,0.380385,0.03898,0.124926,0.218647,0.196169,0.127779
0.2392892280161381,-0.0903191585267186,0.15592867610159517,2.3431915258941434,0.5872891559733955,-2.1300928546878737,0.22971610842299459,-0.15541436009678244,0.2037537498303652,-2.2319455093522476,0.5051587158104075,1.4938275301700008,0.300328,0.038752,0.137858,-0.0004120907129620882,0.00018179435851431807,0.0009980373750497192,0.300837,-0.10617,0.152027,0.235481,-0.101096,0.183455,0.299163,0.039376,0.130263,0.298303,0.197938,0.129565,0.225066,0.04028,0.145605,0.38087,0.197682,0.130652,0.378148,-0.107505,0.134624,0.38038,0.038979,0.124942,0.218649,0.196172,0.127783
0.2395464036345482,-0.09011721182507273,0.15668051716077327,2.3426589826546387,0.5884670247987196,-2.130385531005438,0.2308373059014082,-0.15434441742134097,0.2034299881517887,-2.235532167702068,0.5025363142932452,1.484355962331823,0.300382,0.03867,0.137771,-0.0007519202527809935,-0.00016436465773499,0.0009699381293833806,0.300805,-0.10622,0.152389,0.236193,-0.101384,0.185704,0.299197,0.039331,0.130362,0.298318,0.197886,0.12955,0.225145,0.040302,0.145976,0.380896,0.197632,0.130637,0.378165,-0.107555,0.134635,0.380408,0.038941,0.124948,0.21867,0.19611,0.127768
0.2394460251405835,-0.0904005138263404,0.15769444197791815,2.3405228176489175,0.5872968180991703,-2.1344951708912863,0.2316682393107414,-0.1528407227385044,0.20299151167440416,-2.2335363402559874,0.5006199352709412,1.47506862835845,0.300366,0.038604,0.137892,-0.0006821132365077007,0.00019360094062061974,0.001170065895417143,0.301418,-0.106429,0.154095,0.236498,-0.101201,0.186671,0.299194,0.039291,0.130436,0.298291,0.197839,0.129567,0.225187,0.040319,0.146297,0.380872,0.197585,0.130631,0.378161,-0.107595,0.134639,0.380398,0.038908,0.124939,0.218647,0.196061,0.12776
0.24003600400984287,-0.09048958628201481,0.15875861922103168,2.3332035313810673,0.5883539474393545,-2.1364068359751074,0.23273487474584578,-0.15157136837497354,0.20261954325044157,-2.231277367848386,0.4980115756413468,1.4661183075524047,0.300399,0.038551,0.137729,-0.000857702759883996,-0.0004825282467958597,0.0012317929112489045,0.301525,-0.106369,0.154434,0.236842,-0.101001,0.187541,0.299224,0.03926,0.13049,0.298309,0.197806,0.129556,0.225293,0.040308,0.146513,0.38089,0.197549,0.130618,0.378196,-0.107629,0.13465,0.380426,0.038885,0.124917,0.218677,0.19602,0.127751
0.2404112670719623,-0.0909372246878743,0.15978739611122011,2.3305812615055306,0.5881603445543303,-2.1270514927237807,0.23331895366775987,-0.150136820274055,0.20171017206823827,-2.2299504294770807,0.4955616951929862,1.4530616685320208,0.300465,0.038614,0.137738,-0.000871856870485437,-0.000310401864554031,0.0009218646216764515,0.301748,-0.106379,0.155002,0.23721,-0.100935,0.188336,0.299266,0.039268,0.130533,0.298361,0.197802,0.12954,0.225395,0.040328,0.146734,0.380938,0.19755,0.130621,0.378244,-0.107629,0.134657,0.38047,0.03888,0.124914,0.218743,0.196016,0.127732
0.24082611484527588,-0.09010732692855594,0.16068442637699842,2.3350618151746136,0.5895888185761756,-2.1273863009488636,0.23363737395167347,-0.15099274282860758,0.20305412652087212,-2.2177753026885316,0.4971838266870564,1.4562314646002656,0.300441,0.038671,0.137737,-0.000733864978656212,-0.00027835588524874344,0.0009698977861207906,0.301548,-0.105782,0.153745,0.237362,-0.100792,0.188762,0.29929,0.039334,0.130603,0.298365,0.197856,0.129553,0.225463,0.040399,0.146956,0.380939,0.197601,0.130628,0.378252,-0.107566,0.134698,0.380475,0.038928,0.124923,0.218745,0.196074,0.127744
0.2405782728850841,-0.08966482606759665,0.16038733832138777,2.3346670890322523,0.5869173232582455,-2.1263938604606425,0.23426301204681396,-0.1498747107716799,0.20291701230144502,-2.2140002564685313,0.49642141088810665,1.445102915356065,0.300363,0.038761,0.137904,-0.00041222791251535867,0.00045579385879719803,0.0010000938621451108,0.301511,-0.105723,0.153956,0.237405,-0.10067,0.189054,0.299251,0.03941,0.130661,0.298336,0.19793,0.129563,0.225466,0.04049,0.147151,0.380902,0.197666,0.130638,0.378221,-0.107496,0.134721,0.380429,0.038969,0.124936,0.218696,0.196151,0.127746
0.2407829466760158,-0.09004431071326133,0.1602876255800128,2.329996287848634,0.5852533242746842,-2.127289116682187,0.2350608381484747,-0.148896814383626,0.20216703612971307,-2.2101553123681272,0.4939907646651608,1.436502339325889,0.300339,0.038775,0.137842,-0.00043409705916916364,0.0002017911891222508,0.0009620437242919683,0.301537,-0.105713,0.154097,0.237567,-0.100644,0.189409,0.299215,0.039423,0.130703,0.29832,0.197944,0.129557,0.225472,0.040524,0.147256,0.380892,0.197666,0.130627,0.37819,-0.107485,0.134744,0.3804,0.038971,0.124929,0.218672,0.196166,0.12775
0.24078790518194432,-0.0898781967614889,0.16019442445340754,2.329221815683166,0.5837407620827112,-2.1242254716203397,0.23620734121251105,-0.14754815333896876,0.20174352854776384,-2.2088285608895504,0.49111204226142746,1.4246750494480978,0.300309,0.038742,0.137846,-0.0005020847856735934,0.00017375497123370807,0.0009760435423886016,0.301507,-0.105699,0.154111,0.237589,-0.100629,0.189493,0.299181,0.039401,0.130698,0.298278,0.197912,0.12954,0.225466,0.040514,0.147288,0.38086,0.197652,0.130627,0.378144,-0.107503,0.134738,0.380372,0.038958,0.124918,0.218638,0.196146,0.127737
0.24077452971637242,-0.0896733019328117,0.1603255420488417,2.3244517712094854,0.5837904926952243,-2.128766542239181,0.23716320219671724,-0.14680243890717626,0.20103288347232343,-2.2089319125683295,0.48834461649066885,1.413926576164827,0.300287,0.038664,0.137906,-0.0006341209406435077,0.000225660087526145,0.0010720714452357649,0.301476,-0.105731,0.154141,0.237544,-0.100627,0.189471,0.299138,0.039355,0.130725,0.298237,0.197866,0.129573,0.225442,0.040467,0.147359,0.380827,0.197601,0.130642,0.378103,-0.107561,0.134778,0.38034,0.038926,0.124944,0.218594,0.196098,0.127762
0.24052193759083745,-0.08989423804092403,0.16071551671656967,2.325234856943525,0.5831551218960987,-2.1321605014559757,0.23817039951223132,-0.14559233424136042,0.20026212555599215,-2.2083228291666273,0.4866838359427137,1.4052949200314426,0.30035,0.038594,0.137746,-0.0007917599768705335,-0.00038649161757057637,0.0012418468360376712,0.301515,-0.105753,0.154132,0.237579,-0.100647,0.189482,0.299181,0.039355,0.130717,0.298272,0.197866,0.129545,0.225487,0.040457,0.147403,0.380859,0.197606,0.130613,0.378144,-0.107554,0.134762,0.380368,0.038918,0.124924,0.218634,0.196096,0.12773
0.2408412820398807,-0.09022451497805115,0.16121982322502137,2.3194420448277295,0.5839737004669362,-2.1271486769904575,0.23937649072897435,-0.1444191586408019,0.19944137066614628,-2.205474957771986,0.4846798644384741,1.394276087296161,0.300419,0.038606,0.137738,-0.0008558288589142318,-0.0002905040279805819,0.001177875552901866,0.301547,-0.105766,0.154115,0.236591,-0.099946,0.187394,0.29923,0.03937,0.130722,0.298317,0.197885,0.129536,0.225548,0.040475,0.147462,0.380892,0.197631,0.130614,0.378202,-0.107547,0.134748,0.380413,0.038923,0.124924,0.218679,0.196107,0.127717
0.24122604543268683,-0.09063933379328248,0.16146796350735426,2.321826879813079,0.5838954686986746,-2.1252943113008618,0.24018356887280937,-0.14324758865177634,0.19842820939052105,-2.2032436454881807,0.4820277988694398,1.3860911608390216,0.300376,0.038635,0.137815,-0.000733977549684252,-3.6451391299833024e-05,0.0012299864676757492,0.301547,-0.105764,0.154158,0.237048,-0.100032,0.1878,0.29923,0.039372,0.130755,0.298303,0.19789,0.129564,0.225567,0.040478,0.147536,0.380883,0.197631,0.130629,0.378213,-0.107546,0.134772,0.380411,0.03893,0.124948,0.218674,0.196109,0.127747
0.2414153020203113,-0.08932967171442505,0.1626633864814341,2.3175826375252386,0.5854202317278688,-2.1295964471908406,0.2403282007969618,-0.14390080933067206,0.19975046541547775,-2.2223108154201996,0.48379829577363376,1.3803956383112013,0.300369,0.038673,0.137911,-0.0005901730862408619,0.00032969012743470715,0.0010500971906549765,0.301593,-0.105749,0.154195,0.237372,-0.100077,0.18819,0.299239,0.039344,0.130786,0.298314,0.197847,0.129589,0.225606,0.040452,0.147668,0.380895,0.197587,0.13064,0.378235,-0.107579,0.134799,0.380438,0.038913,0.124964,0.218688,0.196077,0.127769
0.24179723198115827,-0.08872370154505965,0.16283519293266535,2.3228687471072442,0.5854338478622075,-2.1295749131047756,0.24093988581228257,-0.14278317209625246,0.19931982927453518,-2.221600809945187,0.4815076169187291,1.3748296786232643,0.300375,0.038693,0.137938,-0.0006762504433731339,0.0005837098052653557,0.0008581973143847111,0.30165,-0.105719,0.154324,0.237526,-0.100024,0.188458,0.299246,0.039337,0.130809,0.298324,0.197835,0.129577,0.225644,0.040467,0.147797,0.380896,0.197571,0.130637,0.378235,-0.10758,0.134795,0.380444,0.038908,0.124945,0.218707,0.196066,0.127756
0.241844691966474,-0.08875855881172415,0.16309854639726878,2.3207756499443803,0.5854363368330007,-2.1334267057166083,0.24204062877583502,-0.1421586155314446,0.1986530232192278,-2.221108347605977,0.47925436804708454,1.3627705985781677,0.300375,0.038673,0.137921,-0.0005641944682135416,0.00036970320008049827,0.0010521041952331024,0.30167,-0.105699,0.154474,0.237629,-0.099936,0.188717,0.299245,0.039358,0.130857,0.298324,0.197852,0.129591,0.225685,0.040505,0.147976,0.380902,0.197588,0.130644,0.378238,-0.107558,0.134823,0.380443,0.038914,0.124969,0.218708,0.196077,0.127775
0.24226199815869326,-0.08850744775635,0.16355143561127783,2.317639936481388,0.5860064575546677,-2.1333154774807586,0.24333408927732705,-0.14110135981926325,0.1982361265399456,-2.219309318202852,0.4763479682250902,1.3562744825484092,0.300415,0.038675,0.137961,-0.0006903180405106467,0.0005335884942317397,0.0011921840317544446,0.301715,-0.105665,0.154628,0.237775,-0.099815,0.189038,0.29927,0.039414,0.130875,0.29836,0.19793,0.129569,0.225735,0.040585,0.148092,0.380928,0.197664,0.130641,0.378245,-0.107507,0.134834,0.380449,0.038948,0.12496,0.218727,0.196138,0.127753
0.24237100195288658,-0.08860514781907197,0.16392419352295995,2.3141956325617494,0.586227536725114,-2.1353224543020337,0.24411098575925824,-0.1403967069283128,0.1974702971432209,-2.219718800170673,0.47327550389352935,1.3491919636075025,0.300477,0.038659,0.137844,-0.0010200071483752956,1.3451232607702353e-05,0.0010760067563634053,0.301759,-0.105635,0.154837,0.237926,-0.099733,0.189417,0.299285,0.03942,0.130894,0.298371,0.197926,0.129566,0.225784,0.040611,0.14825,0.380941,0.197662,0.130629,0.378248,-0.107505,0.134851,0.380451,0.038941,0.124958,0.218732,0.196141,0.127733
0.2425434246212244,-0.08843519696667787,0.16433723258647323,2.315613875352189,0.5859797133194792,-2.135454842118104,0.24516661876583098,-0.1393830132995248,0.19662277510750295,-2.2169094286780724,0.47026408339474013,1.3393586683030607,0.300354,0.038623,0.137505,-0.00031933183879709565,-0.0011601837753655007,0.0011518146307665236,0.301754,-0.105593,0.155044,0.238012,-0.099627,0.189855,0.299217,0.039396,0.130928,0.298302,0.197908,0.129563,0.225766,0.040624,0.148416,0.380874,0.197651,0.130637,0.378182,-0.107514,0.134882,0.380386,0.038937,0.124951,0.218656,0.196125,0.127747
0.24263817791938785,-0.08883735617759822,0.16489102270770073,2.307258713837876,0.586982963762495,-2.1320893453454994,0.24616328875768181,-0.13839758896231652,0.19575768511021138,-2.2165481650341663,0.4673908693842007,1.3303061201695927,0.30031,0.038596,0.137549,-0.0002714079774223632,-0.0010261564934204545,0.0011538606183910637,0.301784,-0.105541,0.155247,0.238126,-0.099503,0.190247,0.299191,0.039383,0.130958,0.298264,0.197865,0.129587,0.225758,0.040616,0.14856,0.380841,0.197603,0.130645,0.378146,-0.107553,0.134942,0.380362,0.038921,0.124967,0.218621,0.19608,0.127755
0.24311894465386868,-0.08904292300581929,0.16544904130148888,2.3078815122958902,0.5862903954384769,-2.1325997968117054,0.24696113986486193,-0.13718043013435605,0.19483907160568237,-2.2166313322982836,0.46556993907674804,1.3228068282784253,0.300333,0.038638,0.137618,-0.00024178661331162424,-0.0004521141089671924,0.0009439452723264947,0.301875,-0.105497,0.155441,0.23829,-0.099387,0.190592,0.299204,0.03939,0.130964,0.298285,0.197858,0.129518,0.225777,0.040628,0.148632,0.380861,0.1976,0.130604,0.378173,-0.107544,0.134901,0.380376,0.038918,0.124921,0.218647,0.196085,0.127717
0.2434406225174665,-0.08814109961789843,0.16544092216822504,2.3062659064342697,0.5869990688676269,-2.1453957252574813,0.2469644906044602,-0.13798950041794777,0.19618989578914642,-2.2202905050267048,0.4659625249687217,1.3207420609399376,0.300342,0.038677,0.137633,-0.00018386042955720122,-0.00030608383537770474,0.0009119717984344384,0.301938,-0.105465,0.155574,0.23846,-0.099285,0.190947,0.299218,0.039412,0.130985,0.298293,0.197879,0.129522,0.225808,0.040677,0.148721,0.380869,0.197617,0.130613,0.378201,-0.107512,0.13493,0.380394,0.038939,0.124924,0.218668,0.196104,0.127715
0.24369992320984596,-0.08816485805338617,0.16542714177417756,2.304610228753643,0.5851622572256661,-2.145794012223226,0.24753149075663086,-0.13710894093888998,0.19554683721780777,-2.2158983390176834,0.46319017776469973,1.3162331992201821,0.300322,0.038704,0.137621,-7.783892259426752e-06,-0.0004180040181793957,0.0010339982810252614,0.301978,-0.105449,0.155678,0.238642,-0.099213,0.191299,0.299217,0.039441,0.131029,0.298291,0.197914,0.129543,0.225848,0.040731,0.148892,0.380867,0.19765,0.130622,0.378212,-0.107494,0.134947,0.380401,0.038958,0.12494,0.218658,0.19613,0.127734
0.24347204027771946,-0.08860326188486811,0.16533003833818435,2.3050326681166258,0.584043440452492,-2.1491613815250536,0.24841973681640625,-0.13632613951283695,0.1948293008425236,-2.218853860623856,0.4609378319083328,1.3076157725316397,0.300363,0.038677,0.137609,-1.3725437101217937e-05,-0.0005200072352879862,0.0010559963332046679,0.302052,-0.105437,0.15578,0.23887,-0.099112,0.191615,0.29925,0.039426,0.131032,0.298323,0.197887,0.129546,0.225913,0.040728,0.149033,0.3809,0.197632,0.130626,0.378252,-0.107513,0.134958,0.38043,0.038941,0.124928,0.218702,0.196101,0.127729
0.24366588035821918,-0.08849934040701385,0.16536499604108928,2.302632853012022,0.5832711762597458,-2.1505305748929544,0.2494654176262617,-0.13510955975788835,0.19412483528947833,-2.2154811944479995,0.45749878852479564,1.302363609548392,0.300378,0.038628,0.137604,-0.00012164440452460957,-0.0006260690712494091,0.0011359617989320965,0.302085,-0.105449,0.15586,0.239061,-0.099011,0.191965,0.299255,0.039401,0.131041,0.298321,0.197864,0.129551,0.225959,0.04074,0.149187,0.380888,0.1976,0.130621,0.37825,-0.107543,0.134981,0.380433,0.038921,0.124936,0.218698,0.196078,0.127742
0.24378042601197952,-0.08858067402923103,0.16579230474340917,2.301159558283321,0.5838842439284312,-2.1487968000853237,0.2505413801200985,-0.13456107232964043,0.1932686964328289,-2.2150261106544606,0.4549341799854052,1.2949628003938987,0.300373,0.038587,0.137658,-0.00020564894741285645,-0.0006001202802680061,0.0011699381594782292,0.302091,-0.105457,0.156001,0.239204,-0.098892,0.192318,0.299242,0.039376,0.131101,0.298316,0.197849,0.129589,0.225989,0.04074,0.14936,0.380878,0.197594,0.130658,0.378244,-0.10756,0.135031,0.380416,0.038908,0.124976,0.218682,0.196064,0.127767
0.24384905340075497,-0.08850974556124208,0.16609886317971348,2.3029006226436994,0.5838921988742993,-2.1493462001593695,0.2513349802889824,-0.13381117277926208,0.1925220418891907,-2.213831679227557,0.45289657116207194,1.2884314852111087,0.300404,0.038611,0.137642,-0.0003517457429466572,-0.0004861839383994982,0.0010459143980616947,0.302142,-0.105448,0.15615,0.239379,-0.098785,0.192674,0.299259,0.039415,0.131089,0.298338,0.197867,0.129556,0.226036,0.040791,0.149456,0.380903,0.19762,0.13063,0.378241,-0.107542,0.135004,0.380423,0.038914,0.124957,0.218705,0.196085,0.127725
0.24388438796401019,-0.08855197314548488,0.16665122051271797,2.2992458480485327,0.5855596140922825,-2.1443941093760666,0.2523805360712409,-0.13269169303980471,0.19163016317701342,-2.2116659662914038,0.4500825046522209,1.2786629713266082,0.300398,0.038617,0.137526,-0.0004015331420990846,-0.0009102058869339177,0.001025817171066276,0.302184,-0.105433,0.15631,0.239587,-0.098687,0.193077,0.299265,0.039418,0.1311,0.298345,0.19789,0.129557,0.226072,0.040822,0.149589,0.380906,0.19762,0.130623,0.378239,-0.107526,0.135023,0.380412,0.03892,0.124955,0.218709,0.196099,0.127725
0.24439948922693727,-0.08893531636917587,0.1670941035065353,2.293930901736962,0.5865846796322497,-2.1475528789224456,0.25299224609208104,-0.13160411495900154,0.1904729424595833,-2.212591272189479,0.44865515355354735,1.2753864544220441,0.300332,0.038649,0.137492,-0.000145406075214217,-0.0010740803005999733,0.0011059217983503038,0.302194,-0.105388,0.156469,0.239755,-0.09856,0.193453,0.299233,0.039443,0.13112,0.298296,0.197911,0.129553,0.226061,0.040871,0.149746,0.380862,0.197647,0.130635,0.378198,-0.107508,0.135038,0.380379,0.038936,0.124949,0.218653,0.196119,0.127735
0.2443988642051816,-0.08777058941775556,0.16783733618769048,2.297163236969147,0.5853567873743191,-2.153538605836877,0.2530200272241234,-0.13270535389858484,0.19165045961880683,-2.2194440678599943,0.4490500421344792,1.2717688053003302,0.300334,0.038674,0.137952,-0.0006043123001362834,0.0005636651446165369,0.001108170201545429,0.302246,-0.105321,0.156653,0.239919,-0.098429,0.193789,0.299211,0.039436,0.131139,0.298274,0.19789,0.129548,0.226066,0.040889,0.149847,0.380851,0.197625,0.130628,0.378187,-0.107506,0.135056,0.380372,0.038938,0.124951,0.218636,0.196105,0.127732
0.2442876520007849,-0.08791218622487781,0.16743686605501173,2.294818099299822,0.5832151500152265,-2.152818805603533,0.2537196066401005,-0.1318698568284512,0.19121298610055448,-2.2177339993955654,0.4482544856748384,1.2674411817727815,0.300324,0.038668,0.137933,-0.0005842520923387801,0.0004616809507661686,0.0010921347605227663,0.302307,-0.10528,0.156895,0.240017,-0.098341,0.194075,0.2992,0.039422,0.131186,0.298269,0.197868,0.129561,0.226076,0.040902,0.149958,0.38084,0.197607,0.130638,0.378188,-0.107512,0.135108,0.380367,0.038931,0.124952,0.218632,0.196084,0.127748
0.24470487485677,-0.08777995405656097,0.16737298466789724,2.2936245582982036,0.5812630648632009,-2.1545956485832938,0.2545753705301881,-0.1311291171602607,0.19084854526233674,-2.2167380480461727,0.44692357660782167,1.2592053288814675,0.300346,0.038632,0.137957,-0.0007142758849008005,0.00047158207972409463,0.0011701682863962083,0.302329,-0.105275,0.156992,0.240048,-0.098321,0.194204,0.299204,0.039423,0.131207,0.298273,0.197863,0.129567,0.22609,0.040898,0.150011,0.380848,0.197595,0.130644,0.378198,-0.107528,0.135156,0.380372,0.038923,0.124953,0.218633,0.196074,0.12775
0.24434348727762695,-0.08822642188256977,0.16727782656225562,2.292212682058447,0.5801439552699335,-2.154587409454712,0.25577908622258905,-0.13042664895385508,0.19038182416164875,-2.214744650205561,0.44598435041750106,1.2502707353565636,0.300427,0.038579,0.138031,-0.0009244444888943816,0.0007494516092569344,0.0011863462742272776,0.302369,-0.105287,0.157077,0.24009,-0.098325,0.194286,0.299246,0.039407,0.131235,0.298321,0.19786,0.129577,0.226135,0.040896,0.150058,0.380889,0.197604,0.130644,0.378258,-0.107549,0.135232,0.380415,0.038909,0.124969,0.218677,0.196059,0.127753
0.24420327406376602,-0.08839307776945826,0.167438333789289,2.289117789420424,0.5807068042926169,-2.159732183495068,0.2565949663092494,-0.12968032912755012,0.19000778511238098,-2.2152169281301086,0.4433600525682556,1.2432923160384535,0.300444,0.038555,0.137538,-0.00039551109920025183,-0.000884218625408611,0.0011058250281045293,0.302409,-0.105306,0.157084,0.240132,-0.098348,0.19431,0.299292,0.039386,0.131225,0.298354,0.197841,0.129558,0.226173,0.040873,0.150067,0.380926,0.197581,0.130633,0.378311,-0.107552,0.135241,0.380453,0.038896,0.12496,0.218722,0.196043,0.127732
0.24405922738313673,-0.08837582255536314,0.16771235744911434,2.293527187523048,0.5795113174583455,-2.1559831927375805,0.25764922401225565,-0.12866653021275998,0.18943766216051577,-2.211135004050153,0.4432258193472276,1.231836864021946,0.300431,0.038534,0.137836,-0.0008600095684406264,1.3381650607684993e-05,0.0014380055063775742,0.302375,-0.105293,0.157048,0.240112,-0.098322,0.194326,0.29927,0.039405,0.131219,0.298327,0.19786,0.129545,0.226149,0.040895,0.150047,0.380891,0.1976,0.130621,0.378292,-0.10754,0.135239,0.380433,0.038913,0.124943,0.218682,0.196063,0.127727
0.24403018470555543,-0.08873423676371572,0.16799538554224372,2.28851409061446,0.5805819165228218,-2.1551326899644674,0.2586408929002285,-0.12759419228076935,0.1889388140140772,-2.2088960291644857,0.44162161270641953,1.224783927347949,0.300371,0.038585,0.137811,-0.000763999650880999,-4.881957294199774e-07,0.0012779996395646041,0.30236,-0.105285,0.157056,0.240123,-0.0983,0.19438,0.299235,0.039393,0.131201,0.298293,0.197844,0.129548,0.226115,0.040883,0.150026,0.380861,0.197591,0.130623,0.378258,-0.107551,0.135238,0.380407,0.038909,0.124945,0.218657,0.196059,0.127725
0.2442243164628744,-0.08865923294365402,0.1683107387355268,2.287105210398554,0.5795536787651772,-2.1578954195801687,0.2593149416809082,-0.12662419234287742,0.18827503840517998,-2.2071693272472332,0.44077368136067285,1.2154801171752858,0.300338,0.038684,0.137858,-0.0006021730821925216,0.00032968382625787207,0.001050099166898068,0.302372,-0.105256,0.157093,0.24017,-0.098252,0.194447,0.299219,0.039427,0.131191,0.29829,0.197863,0.129531,0.226102,0.040908,0.150014,0.380854,0.197596,0.130605,0.378241,-0.107532,0.135219,0.380395,0.038923,0.124924,0.218647,0.196079,0.127703
0.24433707038760183,-0.08842047800892588,0.16921934779393671,2.2862079012551977,0.5784073857065811,-2.1431634831706723,0.2594763273030519,-0.12705191672664884,0.18918758023238183,-2.2219000252032797,0.4395450387738541,1.2136310382638866,0.30031,0.038716,0.137827,-0.00047409491931344074,0.0001917653116494575,0.0009900453766227295,0.302337,-0.10523,0.157082,0.240186,-0.098213,0.194476,0.299203,0.039439,0.131213,0.298276,0.197887,0.129531,0.226099,0.040939,0.150056,0.380848,0.197611,0.130612,0.378216,-0.107514,0.135248,0.380371,0.038945,0.124933,0.218643,0.196104,0.127725
0.24423615020811557,-0.08842375129702684,0.16891033148515225,2.284602781477056,0.5756330129292028,-2.1412784080018183,0.2602501731116176,-0.12580648860710864,0.1888744844310284,-2.217117814070186,0.43924492164631534,1.2024867617385446,0.300303,0.038699,0.137877,-0.0004901220113328006,0.0002337441412067332,0.0010440571867513036,0.302299,-0.105234,0.157174,0.240178,-0.098216,0.19458,0.299187,0.039476,0.131254,0.298268,0.197913,0.129588,0.226084,0.040973,0.150123,0.380838,0.197643,0.13065,0.378182,-0.107467,0.135323,0.380356,0.038958,0.12499,0.218619,0.196136,0.127769
0.2440011836960912,-0.08894162449392673,0.1689468850578666,2.2878474753076254,0.5744582675182073,-2.1446674986426335,0.2612997797880172,-0.12471846306079626,0.18843066962277888,-2.215623793599733,0.4381510089389272,1.1927961353416041,0.300357,0.038674,0.13793,-0.000684227734611963,0.0004456503000959049,0.0010221523742008967,0.302302,-0.105236,0.157184,0.240028,-0.098094,0.1946,0.299211,0.039481,0.131266,0.298292,0.197924,0.129583,0.226122,0.040975,0.150144,0.380864,0.197652,0.130661,0.378206,-0.107482,0.135327,0.380377,0.038955,0.124981,0.218644,0.196146,0.127769
0.2441155210092663,-0.0890055945150256,0.16884163919124007,2.282833254890093,0.5729257447565405,-2.142551166114732,0.26244718305075165,-0.12327788733625417,0.18803750964295865,-2.2102683824687808,0.43661850171116723,1.1847568734645648,0.300395,0.038612,0.137791,-0.0009099202691810709,-0.0001405158955092621,0.001133935949341932,0.302433,-0.105201,0.157423,0.240598,-0.097712,0.195479,0.299233,0.039452,0.131232,0.298314,0.197902,0.129559,0.226024,0.040879,0.149736,0.380873,0.197634,0.130638,0.378239,-0.107503,0.135325,0.380387,0.038939,0.124984,0.218659,0.196118,0.127733
0.24431877808421848,-0.0888268426363468,0.1688764221638739,2.2823497715411474,0.5724855385496035,-2.1462381761549354,0.26358168346548083,-0.12252361841678622,0.1877108469320536,-2.212944873231523,0.43456274228075253,1.1749539093451826,0.300411,0.038558,0.137802,-0.0009919262530897542,-0.0001285683419850018,0.001145936109416165,0.302692,-0.105058,0.15794,0.241362,-0.096985,0.196741,0.299238,0.039358,0.131039,0.298314,0.197834,0.129556,0.22586,0.040721,0.148935,0.380885,0.197572,0.13062,0.378271,-0.107551,0.135348,0.380409,0.038895,0.124966,0.218674,0.19605,0.127737
0.2442946939125657,-0.08896432073658703,0.1689820990318358,2.285418448970474,0.5717879922839993,-2.143220220806131,0.2644970605137944,-0.1214433313916326,0.18712426682281497,-2.2118894899945136,0.4331669064152702,1.1690284689454309,0.300433,0.038562,0.137732,-0.0009219033742254964,-0.00017849871135608756,0.0010819176151515449,0.302928,-0.104866,0.158489,0.241996,-0.096419,0.197785,0.299263,0.03932,0.130878,0.298333,0.197803,0.129516,0.225821,0.040632,0.148558,0.380911,0.197547,0.130594,0.378319,-0.10758,0.135354,0.380444,0.038879,0.124884,0.218717,0.196012,0.12767
0.2441285631299019,-0.08906895756879446,0.16895281423839925,2.283175176112082,0.571637873182831,-2.141532510217387,0.26549990686893465,-0.12020890565931797,0.1864768297417164,-2.207652071164569,0.43064401718170886,1.1606488237693915,0.300455,0.038643,0.137689,-0.0007958719872269933,-0.0002983413796367849,0.0008578812265837909,0.302737,-0.105046,0.157797,0.243141,-0.096003,0.198873,0.29928,0.039342,0.130911,0.298364,0.197818,0.129523,0.225937,0.040749,0.148906,0.380933,0.197551,0.130597,0.378331,-0.107553,0.135382,0.380459,0.038893,0.124889,0.218746,0.196032,0.127679
0.24412256292104723,-0.08935251969891783,0.16902583984303474,2.281677913192574,0.570551120209874,-2.1418459716093277,0.26606035557502505,-0.11874690423333645,0.18580844914841654,-2.208601860010058,0.4288364063496021,1.1543627792806,0.300398,0.038726,0.137801,-0.00044806200337504384,0.0001257790989508521,0.0009860280985359447,0.302826,-0.104945,0.157694,0.243866,-0.095419,0.199673,0.29928,0.03939,0.13071,0.298354,0.197891,0.129531,0.225956,0.040821,0.148696,0.380923,0.197626,0.13061,0.378308,-0.107505,0.13522,0.38045,0.038941,0.124889,0.218739,0.196112,0.127707
0.24499984345734122,-0.08920493992811437,0.1711110592496693,2.289462332163283,0.5707192477467806,-2.14925126292776,0.26586088654685014,-0.11838361488288646,0.18456502786815165,-2.228503879759629,0.4274664418718255,1.1561343451635135,0.300376,0.038797,0.137811,-0.0004620792373752614,0.00016577911689327602,0.0009560382287344978,0.302927,-0.104723,0.158361,0.243963,-0.094996,0.200245,0.29926,0.039451,0.13059,0.298349,0.197964,0.129536,0.225888,0.040876,0.148386,0.380917,0.197685,0.130626,0.378298,-0.107405,0.135351,0.38043,0.039,0.124837,0.218722,0.196184,0.127723
0.2447635852336883,-0.08906533744221923,0.17047325881409645,2.2905086934932237,0.567528826420163,-2.1511623662528145,0.2658503842287063,-0.11764392807471752,0.18378468252527713,-2.226589911328567,0.4249977335549252,1.1527350056824126,0.300333,0.038771,0.137855,-0.0005100964405689779,0.00019174340842689476,0.0010060488189739423,0.303057,-0.104453,0.159259,0.243981,-0.094571,0.201021,0.299201,0.03946,0.130693,0.298295,0.197972,0.129566,0.225801,0.040887,0.148381,0.380868,0.197684,0.130654,0.378247,-0.107389,0.135532,0.380369,0.038996,0.124834,0.218661,0.196197,0.127766
0.24462695547789332,-0.08917186020863052,0.169998877776742,2.2902495374301175,0.565793867367324,-2.1495596684907983,0.2661436989711523,-0.11631795616352558,0.18294914207661153,-2.2293278897989373,0.421929332792114,1.1453746381079988,0.300284,0.038706,0.137919,-0.0006161727834215692,0.00030965614371818,0.0011160952850203837,0.303152,-0.10432,0.159545,0.24425,-0.094193,0.201534,0.299129,0.039421,0.130645,0.298238,0.197941,0.129566,0.225698,0.040819,0.148222,0.380818,0.197656,0.130648,0.378165,-0.10741,0.13552,0.380318,0.038978,0.124854,0.218591,0.196177,0.127761
0.24433748706877229,-0.089553599304378,0.16947815827149154,2.29316916267286,0.5639936582370264,-2.1515954822621084,0.2664356134045124,-0.11502256983596088,0.18213329413735868,-2.223335735142487,0.41988526740954524,1.1393346132313553,0.300312,0.038617,0.137735,-0.0008257521765517814,-0.000416491245533227,0.0011898279002815998,0.303128,-0.104318,0.159614,0.244349,-0.094052,0.201723,0.299131,0.039375,0.130558,0.298244,0.197892,0.129548,0.225681,0.040791,0.148034,0.380832,0.197609,0.130626,0.378184,-0.107445,0.135589,0.380318,0.038939,0.12481,0.218611,0.196129,0.127724
0.24409247854053978,-0.08969471920859812,0.16910492276373507,2.2930481982098785,0.5631293021249354,-2.150698540764263,0.26655934071445464,-0.11369912478882077,0.18139974276947976,-2.2240408814065624,0.41699363188734107,1.1318802564291648,0.300379,0.038641,0.137737,-0.0009318548362065782,-0.00030045001842394934,0.0009658599369684163,0.30311,-0.104489,0.159331,0.24428,-0.094316,0.201453,0.299192,0.039371,0.130835,0.298291,0.197876,0.129527,0.225751,0.040741,0.148478,0.380868,0.197605,0.130612,0.378223,-0.107482,0.135529,0.380352,0.038932,0.124825,0.218655,0.196103,0.127704
0.24379621822834013,-0.08961828467983005,0.16909930809769036,2.2973778271774705,0.5614526630740131,-2.151332017400424,0.26702599371731284,-0.11275615703198316,0.18036654388022422,-2.2250144056285523,0.41454329993134165,1.1260124827269333,0.300367,0.038653,0.137697,-0.0007457870927190598,-0.0003664332472538248,0.0011618632286504642,0.30291,-0.104741,0.158806,0.244449,-0.094621,0.201337,0.299227,0.03944,0.131035,0.298301,0.19792,0.129511,0.225927,0.040883,0.149177,0.38088,0.197632,0.130597,0.37826,-0.107483,0.135533,0.380382,0.03894,0.124877,0.218674,0.196133,0.127697
0.2433308686971664,-0.0901214605963826,0.16910802131387592,2.292970676092735,0.5611322690885872,-2.1525884845090966,0.26709533402258157,-0.11167055306372048,0.17959039371049407,-2.2290135362298473,0.411719706610311,1.1226985199148887,0.300368,0.038676,0.137741,-0.0005759004853465153,-0.00017832133721904574,0.0011159485364987324,0.302851,-0.104921,0.158412,0.244724,-0.094796,0.201356,0.299255,0.039452,0.131222,0.298326,0.197902,0.129539,0.226071,0.040911,0.149774,0.380892,0.197622,0.130618,0.378288,-0.107482,0.135537,0.380418,0.038934,0.124967,0.2187,0.196119,0.12771
0.24343228889405727,-0.08997637372711298,0.16906952241081,2.2912603209768294,0.5611212883350882,-2.151645478792364,0.26735201567912104,-0.11082681736391786,0.17886059535098076,-2.2263860113619343,0.40964746715107847,1.1161672047320979,0.300369,0.038686,0.137864,-0.0004241347942693486,0.0002637832537280971,0.0010220558508739822,0.302839,-0.10498,0.158228,0.245138,-0.094753,0.201731,0.299258,0.039433,0.131305,0.298331,0.197873,0.12957,0.226174,0.040975,0.150176,0.380896,0.197596,0.130639,0.378294,-0.107491,0.135554,0.380422,0.038923,0.124983,0.218706,0.196099,0.127737
0.24381621892452238,-0.09020611086151001,0.17262195190387963,2.300555110471394,0.5609900073265893,-2.1387171625305177,0.26736629383069277,-0.10858448873293403,0.17717247493290902,-2.237736941218447,0.4076994374432915,1.1217646189823185,0.300367,0.038683,0.137906,-0.0005581683592916298,0.00038175381338582395,0.0008821064842764882,0.302901,-0.104939,0.158418,0.245239,-0.094679,0.202051,0.299243,0.039408,0.131379,0.298315,0.197863,0.129599,0.226223,0.041006,0.150484,0.380877,0.197577,0.130654,0.37828,-0.1075,0.13557,0.380408,0.038919,0.125014,0.218687,0.196081,0.127764
0.2434361223608255,-0.09020509202349183,0.17213609691205622,2.300677947449283,0.5582911821332839,-2.140471535159602,0.26744178549373143,-0.10810280527305605,0.17700889553380011,-2.2377991764969885,0.4070011357290574,1.1213298719964673,0.300357,0.03866,0.137912,-0.0005281165549813198,0.00022372483473911977,0.0010420589821156202,0.302928,-0.104897,0.15866,0.245238,-0.094642,0.202305,0.299229,0.039433,0.131427,0.298319,0.197862,0.129609,0.226261,0.041041,0.150697,0.38088,0.197587,0.130673,0.378271,-0.107488,0.135629,0.380407,0.038918,0.125041,0.218678,0.196085,0.127785
0.24308327674567703,-0.09046470062148568,0.17187697192001344,2.3008861711069226,0.556375504279526,-2.1414242780282944,0.267669885841608,-0.10754989583271746,0.1765004707453251,-2.2401839277107713,0.40649774986251164,1.1163038822944031,0.300423,0.038673,0.137895,-0.0007221291499776533,0.00028767572451673457,0.0008981038091725456,0.302933,-0.104895,0.158708,0.245256,-0.094662,0.202392,0.299269,0.03945,0.131423,0.298336,0.197887,0.129573,0.226336,0.041094,0.150863,0.380902,0.197611,0.130643,0.378276,-0.107489,0.135628,0.38041,0.038919,0.125,0.218703,0.19611,0.127739
0.24329470077157017,-0.09025399624836442,0.17145207449543476,2.302397665139723,0.5558026993736702,-2.1403683587994116,0.26847458846110106,-0.10687753942292932,0.17633385011529923,-2.239436543690088,0.406576041287087,1.1141608530092801,0.300379,0.038585,0.137765,-0.0007878183402872603,-0.00029248918773503303,0.0012418846261646659,0.302851,-0.104925,0.158679,0.245244,-0.094732,0.202403,0.299227,0.039459,0.131462,0.298309,0.197895,0.12957,0.226352,0.041116,0.151028,0.380871,0.19761,0.130632,0.378239,-0.107492,0.135656,0.380375,0.038913,0.12501,0.218662,0.196115,0.127737
0.24296648101359603,-0.09050597439992425,0.17136117980840804,2.304028251120598,0.5561182618275565,-2.1416854958549116,0.2688763521411419,-0.10635047769612077,0.17598215656411648,-2.240036282455373,0.406219079347818,1.1122630944181564,0.300325,0.038587,0.137806,-0.0007699501543818282,-8.246503764689793e-05,0.0012079681061149693,0.302815,-0.104941,0.15866,0.245257,-0.094761,0.202431,0.299185,0.039445,0.13149,0.298269,0.197867,0.129552,0.226333,0.041114,0.15113,0.380837,0.197599,0.130621,0.378199,-0.107513,0.135643,0.380342,0.0389,0.125,0.218623,0.196098,0.127733
0.2423494595363736,-0.09042255974686142,0.17122710344704986,2.3064291897341462,0.5567628076562723,-2.1411325379753423,0.26938071346724035,-0.10607939256206156,0.17561765101885796,-2.2395208323105753,0.4073226543186773,1.110294937520969,0.300329,0.038621,0.137702,-0.0007597787791837765,-0.00040441553511968585,0.0010938462577082084,0.302852,-0.104919,0.158698,0.245294,-0.094715,0.20249,0.299203,0.039433,0.131485,0.298279,0.197856,0.129536,0.226361,0.041124,0.151142,0.380851,0.197593,0.13061,0.378215,-0.107517,0.135634,0.380346,0.038897,0.124978,0.218639,0.196086,0.127708
0.2421043260037899,-0.09054278263300655,0.17117372917357088,2.2991657044105196,0.5589580798957887,-2.1399756894213358,0.2695845834668279,-0.10581878338521722,0.17521928212225438,-2.2412458521932725,0.4066596605018007,1.107580109228615,0.300357,0.038701,0.137815,-0.0005119719522266934,-7.618840065287109e-05,0.0007359804636134363,0.302897,-0.104872,0.158847,0.24535,-0.094638,0.202636,0.299214,0.039455,0.13151,0.298283,0.197873,0.129535,0.226398,0.041151,0.151219,0.380854,0.197608,0.130625,0.378232,-0.107491,0.135687,0.380364,0.038917,0.12498,0.218649,0.196114,0.127729
0.24170622881352904,-0.09050710162496564,0.17133661273229123,2.2979485697210746,0.5611824389312403,-2.1416751969441847,0.26991930734938385,-0.10497596893793348,0.1750702941608429,-2.2377231111565488,0.4077477036098839,1.1044391465091312,0.300367,0.038757,0.1378,-0.00044997483966121264,-6.816603724152879e-05,0.0007379846300032929,0.30293,-0.104797,0.158975,0.245437,-0.094553,0.202795,0.299235,0.039525,0.13155,0.298295,0.197934,0.129557,0.226457,0.041217,0.15135,0.380867,0.19765,0.130646,0.378259,-0.107421,0.13574,0.380386,0.038959,0.125002,0.218664,0.196168,0.127747
0.24147484575957062,-0.08943818880206345,0.1747386810027361,2.3079286996715425,0.5622616761884691,-2.1501487661843726,0.27015608461248874,-0.10281747428616883,0.17411737514019013,-2.2430185297216996,0.4032811191418685,1.1034329749751235,0.300433,0.038797,0.137752,-0.000319934500656399,-0.00019610685247633478,0.0006679686044858699,0.303003,-0.104736,0.159115,0.245529,-0.094489,0.202967,0.299279,0.039539,0.131591,0.298334,0.197958,0.129551,0.226519,0.041245,0.151433,0.380904,0.197679,0.13064,0.37831,-0.10739,0.13577,0.380417,0.038987,0.125005,0.218704,0.196189,0.127744
0.24139334292262787,-0.08927582504129405,0.17423628487858175,2.307538842067939,0.5628037349845277,-2.150444813054538,0.270207445949316,-0.1029626900046468,0.17436049027693273,-2.241265102144293,0.4036945195359928,1.1088689973641026,0.3004,0.038721,0.137741,-0.00027581582377622855,-0.00038613155200258617,0.0009539466770487377,0.303024,-0.104723,0.159266,0.245579,-0.0945,0.203087,0.299261,0.039522,0.131619,0.298323,0.197932,0.129561,0.226542,0.041234,0.15154,0.380892,0.197654,0.130638,0.378314,-0.107418,0.135814,0.380413,0.038965,0.124996,0.218693,0.196165,0.127738
0.24096686974465847,-0.0892779060721397,0.1738483720280528,2.310019549816518,0.5635903961651949,-2.1534839279835634,0.2702177482233047,-0.10222400341349841,0.17410791712772847,-2.243340545892652,0.4030832684945276,1.1063631172354915,0.300373,0.038629,0.137614,-0.00041343290307746034,-0.001058221456004992,0.0010717811455317231,0.30301,-0.104715,0.159405,0.245592,-0.094505,0.203168,0.299231,0.039458,0.131636,0.298285,0.197876,0.129548,0.226533,0.041192,0.151658,0.380846,0.197604,0.130632,0.378277,-0.107461,0.13585,0.38038,0.038928,0.125,0.218653,0.196111,0.127738
0.24053206294327972,-0.08860640510854123,0.17340050339716673,2.31379603788063,0.5661992767865063,-2.157339652906765,0.27099712025165557,-0.10199966526439791,0.17408697361552716,-2.241136333054458,0.40362507766113875,1.1080275878230106,0.300385,0.038565,0.137738,-0.0008399047026265536,-0.00017445855678111096,0.0010919266272001755,0.303092,-0.104733,0.159636,0.245593,-0.094519,0.203337,0.299252,0.039429,0.13164,0.298291,0.197829,0.129513,0.226575,0.041173,0.151771,0.380868,0.197568,0.130595,0.378281,-0.107503,0.135868,0.380385,0.03888,0.124984,0.218656,0.196072,0.127697
0.24004171254187817,-0.0878933485602438,0.17325181958514452,2.3177328132207675,0.5695105352049615,-2.1578469210732916,0.27127690700811147,-0.10183160248345141,0.1739540006467104,-2.243159633731606,0.403600018987183,1.1097441082219275,0.30043,0.038576,0.137676,-0.0008478224778780089,-0.00035642214778330936,0.0009958488262977818,0.303193,-0.104725,0.159935,0.245584,-0.094475,0.203544,0.29927,0.039418,0.131642,0.298325,0.197827,0.129491,0.226634,0.04119,0.151891,0.380898,0.197558,0.130578,0.378304,-0.107511,0.135908,0.380396,0.038869,0.124967,0.218693,0.196057,0.127671
0.23946602583676574,-0.08764111027982827,0.1731751129961312,2.3175601673463566,0.5722833950785244,-2.1552338065425127,0.2716110057526827,-0.1023981464610696,0.17370034904682635,-2.242500089293249,0.4031309928519532,1.1148989118457253,0.300414,0.038609,0.137605,-0.0005175506914140422,-0.0009582425937317283,0.0009377519616425629,0.303253,-0.104633,0.160259,0.245664,-0.094377,0.203826,0.299267,0.039466,0.13172,0.298317,0.197871,0.129528,0.226674,0.041259,0.152094,0.380878,0.197596,0.130608,0.3783,-0.107471,0.135989,0.380385,0.038892,0.124996,0.218672,0.196095,0.127711
0.23880687789320948,-0.08714562984192367,0.17315249125036597,2.3183518666489684,0.5773223408508351,-2.160758704015149,0.2716923737127781,-0.10174295166963343,0.17373695166289807,-2.2423257183776957,0.4027178633624121,1.115666178490006,0.300364,0.038676,0.137574,-0.000315353896312207,-0.0012621612621947715,0.0010238008967575559,0.303337,-0.104535,0.160614,0.245779,-0.094257,0.204211,0.29926,0.0395,0.131796,0.298299,0.197904,0.129569,0.2267,0.041283,0.152339,0.380872,0.197624,0.130637,0.378309,-0.107429,0.136096,0.380378,0.038931,0.125038,0.21866,0.196135,0.127759
0.23793838932961225,-0.08617079695516822,0.17314727263960242,2.322789352475194,0.5820659775590464,-2.1653495839113237,0.27154321578961604,-0.10177353725326066,0.17385745774185657,-2.239049301956941,0.4023325015926599,1.1155500961768157,0.300341,0.038755,0.137742,-0.00019371367754426517,-0.0006040917962371526,0.0009479414185787194,0.303459,-0.104434,0.160897,0.245931,-0.094102,0.204587,0.299282,0.03951,0.131842,0.298308,0.197911,0.129591,0.226671,0.041317,0.152429,0.380877,0.197625,0.130654,0.378319,-0.107405,0.136163,0.380387,0.038942,0.125038,0.218675,0.196144,0.127774
0.23840898904353375,-0.08556395968961714,0.17709891420739887,2.3288079898887544,0.5827611812639042,-2.17503786285851,0.2716944741764068,-0.09896298006862403,0.17336871467828752,-2.247266040758976,0.3993893490488637,1.116810899881692,0.300318,0.038731,0.137762,-0.00019561729005967792,-0.0007700971763530726,0.0009939245959923737,0.303518,-0.10432,0.161246,0.246105,-0.094003,0.205026,0.299256,0.039508,0.131935,0.29827,0.197903,0.129635,0.226696,0.041399,0.152643,0.38084,0.197624,0.130698,0.378301,-0.107394,0.136271,0.380366,0.038946,0.125085,0.218633,0.196137,0.127846
0.23808668615818024,-0.08496772267493602,0.17719013505759834,2.3245779787142062,0.58612578174269,-2.1776934838026527,0.27173148234510425,-0.09969448089012506,0.17347841468143463,-2.2516324155714846,0.3991403425860419,1.1242499038618154,0.300354,0.038676,0.137757,-0.00023954656508916265,-0.0008621259357039514,0.00105189664331879,0.303635,-0.10426,0.16159,0.246244,-0.093909,0.205411,0.299261,0.039497,0.131967,0.298277,0.197884,0.129634,0.226753,0.041436,0.152835,0.380851,0.197614,0.130693,0.378311,-0.107386,0.136354,0.380363,0.038946,0.125083,0.218637,0.196123,0.127834
0.23757996018677946,-0.0849882078223228,0.1772623103082478,2.3249629677790526,0.5889278260188858,-2.1850467188086844,0.2716200077396631,-0.0994868832153678,0.1734263686516285,-2.256147556995762,0.3986086471905408,1.1287246898057637,0.300431,0.038643,0.137763,-0.0004376696776663876,-0.0006742144002943408,0.0009798523799597729,0.303776,-0.10423,0.161882,0.246371,-0.093811,0.205721,0.2993,0.039495,0.131947,0.298324,0.197878,0.129576,0.226831,0.041433,0.152947,0.380894,0.197612,0.130651,0.378352,-0.107403,0.136349,0.380398,0.038926,0.125029,0.21869,0.19612,0.127776
0.23690418666452168,-0.08404112201350925,0.17708050928550959,2.323281449392711,0.5922620708146655,-2.185026308240153,0.2721057899648547,-0.09922387878197436,0.17352394686913492,-2.2554153112860753,0.3976685179849424,1.1302296408274142,0.300409,0.038583,0.137774,-0.0008638985704375033,-0.00017849066063791718,0.0011359227789147885,0.303846,-0.104197,0.162135,0.246465,-0.093758,0.20599,0.299303,0.039488,0.131972,0.298319,0.197878,0.129561,0.226844,0.041425,0.153079,0.380889,0.197606,0.130629,0.378361,-0.107416,0.136383,0.380383,0.038912,0.12502,0.21868,0.196103,0.127755
0.23620603736341,-0.08329676329290864,0.1771773564504385,2.318251874352943,0.595920174633642,-2.187158182760606,0.2719610830241441,-0.0995415792934895,0.1733365876325369,-2.2583790561722954,0.39759979852231053,1.1305868747847807,0.300379,0.038604,0.137529,-0.00038316170922105973,-0.0014382230824642522,0.0011657243318383772,0.303893,-0.104165,0.162322,0.246654,-0.093694,0.206227,0.299286,0.039488,0.131971,0.298286,0.197883,0.12953,0.226851,0.041455,0.153197,0.380859,0.197602,0.130599,0.378333,-0.107422,0.136427,0.380356,0.038914,0.124978,0.218638,0.196106,0.127707
0.23513495841473336,-0.08233324601137637,0.17727176904025674,2.317464294583127,0.5993908735929024,-2.188465582664146,0.2721071152573824,-0.09970624660086636,0.17290812996196747,-2.260113794476867,0.3963311072079264,1.1363801311311255,0.300358,0.038617,0.137454,-0.0002991310363605402,-0.001530169573536752,0.001135771017181538,0.303977,-0.104124,0.162519,0.246798,-0.093573,0.20649,0.299276,0.039475,0.131966,0.298277,0.197855,0.129485,0.226925,0.041484,0.153349,0.380848,0.197582,0.130577,0.378348,-0.10742,0.136412,0.380355,0.038912,0.124952,0.218637,0.196084,0.127672
0.23430363781154157,-0.08147802904343604,0.1772884150107503,2.317412238668717,0.6038714114472782,-2.1918866935546752,0.2720109440298081,-0.09980400465387107,0.1727206089577675,-2.2611802043848486,0.3948317406408576,1.1376338201135807,0.30033,0.038643,0.137455,-0.00027311227080833517,-0.0015441567038417332,0.0011497890091452972,0.304041,-0.104079,0.162721,0.246929,-0.093484,0.206761,0.299272,0.039483,0.131998,0.298269,0.197865,0.129512,0.226982,0.041537,0.153576,0.380846,0.197578,0.130593,0.378336,-0.107395,0.136496,0.380351,0.038921,0.124969,0.218638,0.196098,0.127701
0.23330706145614383,-0.08005245788195725,0.17699651061984895,2.3169306278346777,0.6095325511145155,-2.1979544372490767,0.27170902738869185,-0.09947667047315839,0.17242688213062288,-2.255066008776784,0.3929849389456992,1.1395199704733852,0.300354,0.038699,0.137666,-0.00029164554386588174,-0.0007161443186914576,0.0009898954889869026,0.304066,-0.104026,0.162824,0.247009,-0.09341,0.206935,0.299291,0.039521,0.132065,0.298277,0.197903,0.129528,0.227034,0.041597,0.153721,0.380855,0.197615,0.130618,0.378343,-0.107343,0.136575,0.380361,0.038956,0.124988,0.218646,0.196129,0.127725
0.2343275553107262,-0.07927419570049643,0.18035367321062087,2.3278331586282546,0.6095291836834426,-2.1624054062139075,0.27180492355555297,-0.09658672764289383,0.17360774248695374,-2.2558614242286534,0.3892368837341381,1.1348830437500457,0.300439,0.03873,0.137723,-0.0002797172248029108,-0.0006501216413657981,0.0008699090200103072,0.304103,-0.104022,0.162929,0.247086,-0.093389,0.207081,0.299338,0.039548,0.132146,0.298332,0.197936,0.129564,0.227081,0.041624,0.153847,0.380899,0.197653,0.130644,0.378393,-0.107299,0.136648,0.380394,0.038976,0.125029,0.218687,0.196169,0.12778
0.23306042787134645,-0.07797062497234342,0.18056357086095215,2.324185499589733,0.6145571487022542,-2.165093421913609,0.2719814375169277,-0.0969610983450711,0.17395913407194616,-2.264102645978103,0.3893585198920423,1.1454367983144165,0.300449,0.038662,0.137734,-0.00023749508470369873,-0.0008661383932478873,0.0011658970160840542,0.304069,-0.104033,0.16289,0.247087,-0.09339,0.207083,0.299356,0.03955,0.132191,0.298352,0.197959,0.129594,0.227074,0.04161,0.153857,0.380915,0.197671,0.130658,0.3784,-0.107292,0.136678,0.380399,0.03898,0.125052,0.218698,0.196185,0.127787
0.23215456300675869,-0.07651865073201058,0.18079429635959865,2.3244884725016597,0.6195949231941915,-2.1691189852373416,0.2721195179949999,-0.09675823854041105,0.17392712565577031,-2.262788790097782,0.388349355168465,1.147212483247153,0.300403,0.038616,0.137929,-0.000600147536930698,0.00022560748223247177,0.001308067512405578,0.303995,-0.104072,0.162774,0.247062,-0.09341,0.207018,0.299329,0.039541,0.132204,0.298318,0.197944,0.129593,0.227013,0.041595,0.153812,0.380883,0.197659,0.130669,0.37837,-0.107319,0.136692,0.380377,0.038961,0.125057,0.21866,0.196169,0.127795
0.23091101972162725,-0.07500355188935992,0.18076077144491673,2.3186353654058633,0.6258000249880941,-2.1774406923575396,0.2723194871335626,-0.09715432448053363,0.17415048357605933,-2.263715778030412,0.38847704152872975,1.1493570103685746,0.300416,0.038564,0.1376,-0.00041311822552882735,-0.0014482512739448976,0.0012177006998676,0.303978,-0.104129,0.162675,0.247079,-0.093452,0.206974,0.299317,0.039489,0.132177,0.29831,0.197862,0.129579,0.227009,0.041551,0.15373,0.380869,0.197596,0.130649,0.378361,-0.1074,0.136655,0.38037,0.038917,0.12504,0.21866,0.196098,0.127777
0.22962955844998362,-0.07293942941933867,0.1810025165993273,2.314722558256534,0.6319228931391264,-2.1793345684137417,0.2722681257967353,-0.09749982049661876,0.17411544471347332,-2.2668505297630754,0.3872823974671158,1.1549297103198581,0.300403,0.038584,0.137543,-0.0005173149389953772,-0.0013102702804841846,0.0010456609933784176,0.303966,-0.104147,0.162518,0.247096,-0.093463,0.206866,0.299298,0.039465,0.132066,0.298297,0.197837,0.129515,0.227012,0.04154,0.153617,0.380869,0.19756,0.130588,0.378359,-0.107421,0.136583,0.380366,0.038897,0.124985,0.218662,0.196064,0.127715
0.22822855135053394,-0.07057247360646723,0.1811868337379694,2.3141697918560356,0.6385203738580592,-2.1873725873566463,0.2722842043457031,-0.09760787025633455,0.1740238411127329,-2.2671901138504924,0.3863757249775557,1.1574797766192964,0.300361,0.038601,0.137517,-0.00033712925504098397,-0.0014661999503483999,0.0011877527107818564,0.303948,-0.104159,0.162444,0.247086,-0.093475,0.206813,0.299294,0.03945,0.132057,0.298293,0.197827,0.129532,0.227001,0.041517,0.153564,0.380865,0.197545,0.130599,0.378354,-0.107424,0.136582,0.380376,0.038892,0.124998,0.218658,0.196056,0.127716
0.2269295894697308,-0.06788347827023267,0.1814352885347903,2.314530812730074,0.6464098256320078,-2.1888707979880158,0.27202969816935063,-0.09781304635304217,0.17391393620395662,-2.2668744520323045,0.38507962714949384,1.1571828305729746,0.300363,0.038666,0.137652,-0.0001994947987977399,-0.0008741152436173646,0.0011559126805381582,0.303915,-0.104158,0.162361,0.247056,-0.093479,0.206731,0.299291,0.039493,0.132048,0.298298,0.197883,0.12954,0.226988,0.041525,0.153527,0.380868,0.197598,0.130619,0.37836,-0.107387,0.1366,0.380375,0.038931,0.125015,0.218657,0.196105,0.127733
0.22528886569291356,-0.06479995416951179,0.18172055317538977,2.315930704874426,0.6543078667953599,-2.2022176245312157,0.27211599221676586,-0.09751882462000849,0.1737690247861147,-2.2632735898351295,0.3841086599721626,1.1582017337155248,0.300397,0.038686,0.137656,-0.0001954806055473797,-0.0009161107646575013,0.001133910337527122,0.303886,-0.104132,0.162253,0.246996,-0.093485,0.206584,0.299311,0.039541,0.132048,0.298316,0.197928,0.129546,0.227057,0.041632,0.153526,0.380889,0.197641,0.130621,0.378387,-0.107324,0.136604,0.380393,0.038969,0.125027,0.218675,0.196163,0.127753
0.22570600521266454,-0.0644185185574293,0.18284179732504485,2.3321856322777093,0.6521774542065107,-2.1654866530504515,0.27212419402712584,-0.0954525868276358,0.17586127302742005,-2.2654047276165374,0.38217187280458287,1.1535565688925393,0.300382,0.038667,0.137726,-0.00025346244037734405,-0.0009221476884155027,0.0011658830029858485,0.303784,-0.104155,0.162198,0.246866,-0.093554,0.206487,0.299283,0.039549,0.13212,0.298289,0.197935,0.1296,0.226991,0.041629,0.153527,0.380846,0.197651,0.130669,0.378344,-0.107318,0.136684,0.380361,0.038965,0.125082,0.218628,0.196177,0.127823
0.22360884888172144,-0.06133880967992539,0.18240641608420013,2.3328574906262833,0.6620759446406331,-2.1695539737758587,0.2724176838082075,-0.09562641401720051,0.17612603266930582,-2.266530569412135,0.3803008251492187,1.1584466299504488,0.300348,0.038618,0.137922,-0.0006320924374288819,0.00014559860649063583,0.0012700458451921032,0.30373,-0.104181,0.162113,0.246759,-0.093623,0.206319,0.299269,0.039534,0.132138,0.298269,0.197909,0.129606,0.226974,0.0416,0.153499,0.380841,0.197631,0.130677,0.378322,-0.107334,0.136693,0.380344,0.038959,0.125086,0.218619,0.196156,0.127824
0.22190337285101408,-0.05726980908676976,0.18205487042742968,2.337302092009155,0.6713845001934412,-2.1829957375506677,0.27245329166781895,-0.09534137848785523,0.17628595612061024,-2.2600298796418365,0.3799012408888429,1.1625900196131926,0.300381,0.038613,0.137894,-0.0007581582156178211,0.00027957084044225136,0.0011321058585895567,0.303716,-0.104212,0.162019,0.246706,-0.093703,0.206144,0.299272,0.039518,0.132081,0.298294,0.197894,0.129551,0.226982,0.041573,0.153412,0.380864,0.197618,0.130634,0.378337,-0.107367,0.136658,0.380358,0.038945,0.125049,0.218643,0.196131,0.127757
0.22007718428522344,-0.052621544886767846,0.18138510600093005,2.3417612990083,0.6815804958423626,-2.188337127159444,0.272880836038351,-0.09537293796700241,0.1768895541815758,-2.260546077357547,0.37905741826260975,1.1632254766631407,0.300399,0.038597,0.137593,-0.0005233015907556304,-0.0013082791667663697,0.001067657586143284,0.303683,-0.104254,0.161992,0.246634,-0.093775,0.206061,0.299279,0.039496,0.132106,0.298298,0.197878,0.129556,0.226969,0.041543,0.153398,0.380865,0.197603,0.130628,0.378345,-0.107387,0.136664,0.380364,0.038922,0.125057,0.218648,0.196104,0.127745
0.21784356487095352,-0.04787306604510544,0.1803979382126331,2.346190545768936,0.6916025563558601,-2.2102631335910123,0.27277641298937794,-0.09562293957912926,0.17715607169806957,-2.2590939208582452,0.378834554092077,1.162700110581186,0.30038,0.038649,0.137519,-0.00034715864808952635,-0.0014841965216746097,0.00113374225259832,0.30367,-0.104249,0.161912,0.246589,-0.093782,0.205978,0.299283,0.039524,0.132067,0.298306,0.197904,0.129518,0.226962,0.041559,0.153325,0.380876,0.197628,0.130604,0.37836,-0.107375,0.13666,0.380371,0.038934,0.125028,0.218656,0.196125,0.127723
0.21650976844429964,-0.041942323231667245,0.17902056278291345,2.353542788299147,0.7021748258246799,-2.2233652205647583,0.27275115741479394,-0.09589147152763605,0.1774790568921566,-2.260776889877063,0.37613322903964486,1.1643061655530351,0.300369,0.038677,0.137512,-0.00028713367062170115,-0.0015201633420209959,0.0011397816314543266,0.303703,-0.104232,0.161947,0.246618,-0.093772,0.206,0.2993,0.039513,0.132071,0.298316,0.197892,0.12953,0.226967,0.041547,0.153289,0.380884,0.197616,0.130607,0.378374,-0.107369,0.13669,0.380382,0.038935,0.125031,0.218671,0.19611,0.127726
0.21411643513739104,-0.0353533677036762,0.1776709345202446,2.364435582015208,0.7113848962194395,-2.2412225955004637,0.27257836927580836,-0.09632717132607105,0.17754187664425375,-2.2585962255226413,0.37457981700820653,1.1634295568589108,0.300348,0.038681,0.137674,-0.00014540298377701134,-0.0010680811730608482,0.0011179222324465114,0.303698,-0.104216,0.162024,0.246612,-0.093734,0.206079,0.299277,0.039505,0.132107,0.298281,0.197886,0.129568,0.226942,0.041556,0.153324,0.38085,0.197602,0.130639,0.378348,-0.10736,0.136731,0.380362,0.038934,0.125074,0.218643,0.196116,0.127783
0.21219170147478578,-0.028451130323797424,0.17634512781786918,2.3822724100117885,0.7225978560524132,-2.270098119637572,0.2726649383839369,-0.09579450311964754,0.17766858381462097,-2.2597751448530916,0.3732621822657719,1.1616111835916465,0.300392,0.03865,0.137771,-0.0003956612647554149,-0.0006761981740436005,0.0010018661434464525,0.303728,-0.104184,0.162081,0.246644,-0.09368,0.206147,0.299289,0.039505,0.132126,0.298287,0.197881,0.129603,0.22695,0.041562,0.153351,0.380853,0.197604,0.130666,0.378365,-0.107348,0.13676,0.380373,0.038944,0.125094,0.218655,0.196113,0.127802
0.21249621207416053,-0.027982356448411905,0.17680667200464012,2.3894299109916872,0.7212231633210384,-2.264008092845416,0.2730136653573513,-0.09525230653002859,0.17891615713000297,-2.2532355813952956,0.37377234074690024,1.16173063603651,0.30046,0.038668,0.137749,-0.000375607608619388,-0.0008421749536362445,0.0009318417688654832,0.303797,-0.104186,0.162178,0.246738,-0.093648,0.20629,0.299318,0.039518,0.132135,0.298329,0.197893,0.129598,0.226997,0.041574,0.1534,0.380891,0.197617,0.130671,0.378392,-0.107332,0.136785,0.380399,0.03894,0.125099,0.218689,0.196129,0.127793
0.21126025238633156,-0.021032363746106564,0.17461705708536507,2.401650692279678,0.7333581160211357,-2.2779018851746713,0.2730853311759234,-0.09519668919938806,0.17911118415093422,-2.2524818430218483,0.3721063227103345,1.1627525348516592,0.300431,0.038639,0.137925,-0.0007462065708956542,0.00036758057659359595,0.0011241370271925055,0.303798,-0.104156,0.162235,0.246766,-0.093555,0.206382,0.299315,0.039523,0.131993,0.298341,0.197907,0.129586,0.227042,0.041628,0.153386,0.380902,0.197634,0.130657,0.378407,-0.107303,0.13683,0.380405,0.038955,0.12505,0.218712,0.196145,0.127785
0.20953219223618508,-0.013687603827863881,0.17248152700933814,2.4173431162049477,0.744615974935083,-2.303440374983366,0.2732253870900273,-0.09514315126729012,0.1794397125815153,-2.252361297212061,0.37155963726122376,1.1643099101437828,0.300405,0.038642,0.137605,-0.0003532153683263346,-0.0012802163061527215,0.0012257737503654814,0.303793,-0.104129,0.162281,0.246786,-0.093452,0.206469,0.299282,0.039537,0.131944,0.298307,0.197925,0.129552,0.226991,0.04163,0.153256,0.380875,0.197649,0.130638,0.378379,-0.107305,0.136813,0.380379,0.038963,0.125015,0.218669,0.196162,0.12776
0.20782063266038892,-0.00593431154173607,0.17032083577427268,2.433600290626119,0.7562866125738943,-2.3212885745258776,0.27359714414680003,-0.09523227586811783,0.17979626994526388,-2.2527347088833096,0.3705123652929281,1.1640582736455123,0.300385,0.038621,0.137562,-0.0003271736112324913,-0.0014201901382389895,0.0011637675441659118,0.303811,-0.104166,0.162319,0.246884,-0.093467,0.206571,0.299286,0.039503,0.132022,0.298301,0.19788,0.129556,0.227004,0.041593,0.153405,0.380874,0.197605,0.130626,0.378359,-0.107365,0.136796,0.380366,0.038923,0.125035,0.218663,0.196113,0.127736
0.20681888945847743,0.002629520581364675,0.16792793965759872,2.44840851301238,0.7695854275381858,-2.3506264261281595,0.2737090688515902,-0.09576657600757482,0.18003643012714388,-2.250520030052328,0.37089695949969437,1.166232757492919,0.300348,0.038633,0.137474,-0.00023698126356468368,-0.0017421399109915103,0.0011697946092211644,0.303793,-0.104142,0.162329,0.246918,-0.093408,0.206663,0.299258,0.039505,0.13198,0.298275,0.197876,0.129531,0.227014,0.041633,0.153441,0.380845,0.197602,0.130612,0.378338,-0.107358,0.136792,0.380341,0.038927,0.124995,0.218639,0.19611,0.127717
0.20560018037110567,0.01129254850810768,0.1653706456531882,2.476623942131603,0.7822069496266602,-2.379245039255864,0.2735401315625906,-0.09557324458611016,0.18021521568083765,-2.2557728370754146,0.370019273800548,1.1668427513257802,0.300334,0.03862,0.137547,-0.0003131582617418572,-0.0014641797684296434,0.0011497706132220314,0.303793,-0.104132,0.162432,0.246989,-0.093326,0.206813,0.299239,0.039511,0.131953,0.298263,0.197874,0.129547,0.227015,0.041641,0.153471,0.380834,0.197597,0.130634,0.378328,-0.107341,0.136848,0.380327,0.038924,0.125006,0.218613,0.196124,0.127754
0.20474735901951785,0.02036736041343218,0.16323954207736252,2.495825833495269,0.794806705421532,-2.4048636733153055,0.2736676597114801,-0.09548006647419932,0.18021157051754,-2.2551347853008177,0.36983686471445554,1.1656111554287385,0.300367,0.038661,0.137683,-0.00024344821674687805,-0.0009681386754879405,0.0011398820307111817,0.303887,-0.104088,0.162612,0.247145,-0.093212,0.207074,0.299269,0.03953,0.131963,0.298293,0.197908,0.129562,0.227053,0.041691,0.153508,0.380859,0.197638,0.130639,0.378345,-0.107306,0.136866,0.380353,0.038957,0.12501,0.218642,0.196162,0.127773
0.20314721998870372,0.029914587998122022,0.16104936802121997,2.5200558018867776,0.8070939245701484,-2.441538468919378,0.27362880113434784,-0.09564231220352654,0.1803638477535248,-2.2540947272675336,0.36737452265526294,1.1630723229015443,0.300421,0.03866,0.13768,-0.00024540661091384825,-0.0010041449357788357,0.0011818766504695661,0.303977,-0.104005,0.16271,0.247322,-0.093084,0.207299,0.299309,0.039555,0.13201,0.29833,0.197942,0.129563,0.227105,0.041731,0.153595,0.380888,0.197653,0.130643,0.378398,-0.107273,0.136879,0.380392,0.038979,0.125015,0.218693,0.196183,0.12777
0.20370040591061117,0.030052954871952586,0.15995937729272247,2.525346031001578,0.8066471787144609,-2.451937559959638,0.2737206464070677,-0.09448437675178051,0.18057679862475395,-2.2508889562980965,0.3694544828951196,1.1656059130016914,0.3004,0.038645,0.137756,-0.00023550777426285197,-0.0007901466692555137,0.0012459067959501467,0.304016,-0.103973,0.162924,0.247409,-0.092998,0.207537,0.299287,0.039563,0.132039,0.2983,0.197938,0.129591,0.227105,0.041751,0.153708,0.380858,0.197658,0.130651,0.378383,-0.107272,0.13691,0.380371,0.038981,0.125024,0.218651,0.196187,0.12779
0.20358556858003135,0.038489800758659876,0.15770229319143295,2.5493730187771853,0.8179906387023514,-2.4832072999613497,0.27386950426399703,-0.09450517073720693,0.18062123079276085,-2.2539642761431438,0.36884652785941796,1.1597201652638693,0.300422,0.038608,0.137715,-0.00023543404963421796,-0.0008941489577609779,0.0012658945743467332,0.304101,-0.103944,0.163026,0.24754,-0.092922,0.207701,0.299304,0.039532,0.132025,0.298309,0.197901,0.129561,0.227152,0.041737,0.153775,0.380874,0.197621,0.130633,0.378403,-0.107301,0.136921,0.380382,0.038953,0.124987,0.21867,0.196143,0.127767
0.2029607968330383,0.046283347985208056,0.1557506725500822,2.571352224250674,0.8284121058231186,-2.5099198655929023,0.2740091350842714,-0.09491475960710649,0.18043249113929272,-2.2546075609141343,0.36884747602545953,1.1661511254146104,0.300453,0.038589,0.13764,-0.0003774525826810831,-0.0009622146619611558,0.0011378182819658926,0.304183,-0.10392,0.163237,0.247681,-0.09284,0.20794,0.299311,0.039512,0.131997,0.298327,0.197876,0.129511,0.227203,0.04175,0.15384,0.380897,0.197598,0.1306,0.37842,-0.10732,0.136918,0.380396,0.038926,0.124953,0.218698,0.196109,0.127703
0.20266891167312856,0.054521021878063736,0.15388935251283647,2.595000589512119,0.8380981064761985,-2.535328214620594,0.27421503053092955,-0.09446216140532498,0.18038467263615132,-2.2553809230240582,0.36839366569765863,1.1659833677490967,0.300428,0.038549,0.137496,-0.0003489386600579087,-0.0016382256958484618,0.0012957139983951031,0.304228,-0.103892,0.163517,0.24775,-0.092772,0.20824,0.299314,0.039502,0.132038,0.298316,0.197867,0.129538,0.227218,0.041773,0.153935,0.380889,0.197599,0.130608,0.378418,-0.107317,0.136989,0.380382,0.038918,0.12498,0.21868,0.196107,0.127725
0.20242077803611752,0.06245933081281191,0.1520735322381854,2.6216989070538217,0.8471010554582927,-2.5663633267106567,0.2742665419008732,-0.09466267859643701,0.18059486267364028,-2.2518781795092684,0.36856587071111324,1.1649831875602867,0.300441,0.038586,0.137527,-0.0003712307891663418,-0.0013242154458669953,0.001161754074440161,0.304301,-0.103814,0.163769,0.247842,-0.092665,0.208512,0.299319,0.039524,0.132052,0.298332,0.197909,0.129541,0.227253,0.041816,0.154023,0.380899,0.197623,0.130612,0.378419,-0.107297,0.137039,0.38039,0.038935,0.124968,0.218692,0.196133,0.127732
0.2025444073393941,0.07008414112162592,0.1500516234331131,2.6419093349463108,0.854509013392148,-2.590775115685836,0.2741089571176767,-0.09497724684938791,0.18036550856757166,-2.2622742744166264,0.3697560899978666,1.1639916199301963,0.300422,0.038627,0.137687,-0.00010750711457505828,-0.0008160648866394674,0.0012079559867076786,0.304393,-0.103729,0.164105,0.24793,-0.092578,0.208806,0.299337,0.039535,0.132151,0.298334,0.19792,0.129577,0.22729,0.041861,0.154185,0.380899,0.197636,0.130641,0.37844,-0.107273,0.137146,0.38039,0.038941,0.125015,0.218696,0.19615,0.127765
0.2021543937638402,0.077193809586525,0.14840550119775534,2.6588619614038826,0.8621848041046809,-2.6172060529222403,0.2739896307791472,-0.0948630905015469,0.1802847649651766,-2.2648369475078014,0.3699341194598622,1.1679017215893355,0.300369,0.038663,0.137748,-6.561138611807918e-05,-0.0006360400664260224,0.0012219789821980435,0.304441,-0.103641,0.164336,0.247984,-0.092494,0.209046,0.299313,0.039552,0.132191,0.298296,0.197938,0.129605,0.227281,0.041897,0.154309,0.380859,0.197652,0.130659,0.37841,-0.107241,0.137208,0.380362,0.038961,0.125041,0.218653,0.196178,0.127795
0.20191184365451337,0.08433326280540232,0.14693012538331746,2.6750535978033145,0.868159212468407,-2.6484965779983285,0.2740239383517503,-0.09493768563407662,0.1801972702615261,-2.2617139700170243,0.36852794406945044,1.1639508038910424,0.300358,0.038653,0.13772,-5.3413430989261104e-05,-0.0009400332600804179,0.0012479747328169347,0.304505,-0.103582,0.164522,0.248059,-0.092426,0.209244,0.29931,0.039552,0.132261,0.298281,0.197913,0.129618,0.227292,0.041902,0.154421,0.380854,0.197626,0.130673,0.37842,-0.107242,0.137294,0.380354,0.03896,0.125049,0.218646,0.196161,0.127812
0.201882759308815,0.08454739220845703,0.14874560784611107,2.6774579069436957,0.8697064738414368,-2.6373664515493864,0.2739558233169317,-0.09405581007999186,0.1816888969657421,-2.2558019923410377,0.37053358615195375,1.1663376060338653,0.300403,0.03861,0.137709,-0.00025349575300742845,-0.0009021416284202155,0.001117885539004694,0.304559,-0.103567,0.164667,0.248144,-0.092396,0.209425,0.299324,0.039515,0.132289,0.298287,0.19788,0.129605,0.22731,0.041886,0.154507,0.380857,0.197599,0.130668,0.378438,-0.107264,0.137336,0.380354,0.038931,0.125043,0.218665,0.19612,0.127794
0.20253678207397458,0.09106661152571444,0.14776356547909975,2.697399067192581,0.8768209284351018,-2.6607949754295372,0.27398577992916107,-0.09419368209981921,0.181047089397192,-2.2596633830015365,0.369240513425072,1.1671752709842087,0.300413,0.038595,0.137828,-0.0005820087150392748,1.5675819808787236e-05,0.0011140044465262266,0.304578,-0.103546,0.16478,0.248188,-0.092346,0.209564,0.299331,0.039527,0.132303,0.298281,0.197887,0.129583,0.227327,0.041907,0.154569,0.38086,0.197605,0.130639,0.378447,-0.107257,0.137402,0.380357,0.038933,0.125029,0.218662,0.196118,0.127763
0.2027918742865324,0.09707905647724874,0.14698280073571204,2.7103235395825616,0.884268612294949,-2.688095140731286,0.27411110759234425,-0.09429465137588983,0.1808046644688845,-2.261532497177794,0.36933709090902056,1.1677436998597663,0.300361,0.038566,0.137882,-0.000452123002808627,0.00018169390293931094,0.0013540408671382084,0.304571,-0.10354,0.164888,0.248202,-0.092309,0.209713,0.299317,0.039546,0.132383,0.298272,0.197902,0.129591,0.227333,0.041936,0.154667,0.380838,0.197621,0.130649,0.378438,-0.107249,0.1375,0.380343,0.038931,0.125049,0.218638,0.196137,0.127776
0.20345431401133535,0.10255117044067386,0.14603867483752966,2.721689705067071,0.8903001205768699,-2.7108203426352557,0.2742181312153339,-0.09385229223781827,0.18068226031672957,-2.262263808423839,0.3691978911039653,1.1621084652429907,0.30041,0.038607,0.137688,-0.0003055462121561044,-0.0008221685959799752,0.0011038742826107678,0.304604,-0.103537,0.165013,0.248257,-0.092261,0.209853,0.299327,0.039539,0.132424,0.298295,0.197916,0.129549,0.227365,0.04195,0.154751,0.380864,0.197634,0.130636,0.378457,-0.107243,0.137572,0.380359,0.038936,0.125041,0.218663,0.196147,0.127749
0.2039724987149239,0.10785857948362831,0.14537425715732574,2.7311998337759222,0.8963579826671884,-2.728597573320214,0.2742529889093638,-0.09415114655494694,0.18056106402933597,-2.261300002623723,0.36935880842644886,1.1637459747771235,0.300374,0.038644,0.137643,-0.00012144338872439575,-0.000958070481775881,0.001161941693583906,0.304519,-0.103531,0.165039,0.248251,-0.092191,0.210004,0.299325,0.039543,0.132534,0.298291,0.197926,0.129553,0.227382,0.042013,0.154925,0.380864,0.197632,0.130624,0.378501,-0.107226,0.138208,0.380354,0.038933,0.125127,0.218661,0.196158,0.127729
0.20378174207508565,0.11294626635313038,0.14453324541646242,2.7429281436434145,0.900947840023065,-2.7436802344531896,0.27417377142393584,-0.09412292990636828,0.18034260227513316,-2.2656060110849734,0.370434344772936,1.1629959332502837,0.300355,0.038644,0.13766,-8.741394967509553e-05,-0.0009800521932119873,0.001195957022315232,0.304219,-0.103608,0.165507,0.247721,-0.092168,0.210155,0.299355,0.039545,0.133039,0.298292,0.197914,0.129585,0.227223,0.042002,0.15483,0.380857,0.197619,0.130642,0.378626,-0.107068,0.139498,0.380355,0.038927,0.12532,0.218658,0.196153,0.12776
0.2043081770658493,0.1175714441171885,0.14410637936416268,2.7524899537636944,0.9057493086997042,-2.762401407119492,0.2741365632110834,-0.09411287509316207,0.18027615892875196,-2.266646442903714,0.36992915287583494,1.1666042208951275,0.300425,0.038655,0.137622,-0.00013945837673055457,-0.001020073958965891,0.0010619287712503084,0.304321,-0.103579,0.165779,0.247831,-0.092172,0.210433,0.299414,0.03958,0.133209,0.298336,0.19791,0.129555,0.227404,0.042103,0.155354,0.380898,0.197625,0.130636,0.378682,-0.107032,0.139675,0.380399,0.038931,0.125365,0.218719,0.196145,0.127731
0.20441705585569142,0.12184709540879729,0.14344896254348755,2.760134683122354,0.9100122812247535,-2.777861757396759,0.2741770721524953,-0.09403556884607678,0.18022838356363774,-2.264113859541804,0.37013811061109136,1.1603556223138174,0.300505,0.038662,0.137636,-0.0001735246877409382,-0.0009760844216590447,0.0009739152356199671,0.304563,-0.103441,0.166248,0.248094,-0.092031,0.210933,0.299478,0.0396,0.133292,0.298387,0.197926,0.12957,0.227522,0.042147,0.155684,0.380944,0.197639,0.130636,0.378751,-0.107025,0.139683,0.380436,0.03894,0.125376,0.218757,0.196154,0.127747
0.20521804206967348,0.12118381018155816,0.1444137765057683,2.771381756658788,0.9099466895238528,-2.7665670356291097,0.27419072516608234,-0.09378301404839756,0.18205361820113658,-2.2744877142144877,0.36813359729768524,1.169372971294253,0.300458,0.038624,0.137682,-0.00011138152781555275,-0.0009500724349474409,0.0013019469058067085,0.30457,-0.103294,0.166849,0.248053,-0.091957,0.211443,0.29946,0.039664,0.133505,0.298344,0.197964,0.129582,0.227574,0.042233,0.156051,0.38091,0.19768,0.13065,0.378755,-0.10693,0.140136,0.380397,0.03897,0.125415,0.218708,0.1962,0.127769
0.20579081200659272,0.12477653651732212,0.14455792897942663,2.7807769129523594,0.9135713142454946,-2.7822120172877702,0.2743378576421738,-0.09331393858727816,0.18217109383368493,-2.2748837399058677,0.3672331104627774,1.167589797180021,0.300435,0.038575,0.13777,-0.00045790583504895516,-0.00013432098475154642,0.0014019690171700736,0.304676,-0.103156,0.167291,0.248149,-0.091818,0.211889,0.299457,0.039682,0.133573,0.298326,0.19795,0.129557,0.227644,0.042289,0.156372,0.380897,0.197662,0.13063,0.37878,-0.106919,0.140364,0.380394,0.038953,0.125411,0.218695,0.196187,0.127737
0.20630741332173347,0.1273384155527354,0.1448371712500155,2.7853170125954803,0.9169630493862602,-2.794813202694348,0.27442787751197817,-0.09375400775480275,0.1821995325781107,-2.276274221804813,0.3665131815326427,1.167306706119466,0.300385,0.038514,0.137629,-0.0005334472853079696,-0.0007763797201881856,0.0014237926805282907,0.304771,-0.103101,0.167725,0.248257,-0.091692,0.212321,0.299404,0.039647,0.133635,0.298274,0.197901,0.129564,0.227658,0.042299,0.156612,0.380845,0.197611,0.130637,0.378762,-0.10695,0.140525,0.380364,0.03892,0.125418,0.21864,0.196147,0.12775
0.2070859404206276,0.12974322011411193,0.145214169282943,2.7864030712414465,0.9194669540041214,-2.8090041654113027,0.2745402023050785,-0.09374845391818881,0.1822395107448101,-2.2722156593159015,0.3653520844885947,1.1700147941484733,0.300353,0.038551,0.137614,-0.00012325828634831407,-0.0012080755290450281,0.0012279253930141114,0.304831,-0.103039,0.168031,0.248304,-0.091568,0.212618,0.299375,0.039613,0.133701,0.298243,0.197861,0.129577,0.227655,0.042318,0.156765,0.380819,0.197571,0.13064,0.378753,-0.106973,0.14072,0.380331,0.0389,0.125434,0.218606,0.196109,0.127757
0.207878259666264,0.1323828776773811,0.14540950607734918,2.789425310301084,0.9223502558562096,-2.814173095078636,0.274329730848372,-0.09364077265948062,0.1823737131474018,-2.2716684374072846,0.3651487705988239,1.1668401301122566,0.300344,0.038613,0.137558,1.8853444370302467e-05,-0.0014059883242264223,0.0012140131047645162,0.304918,-0.102995,0.168315,0.248394,-0.091465,0.21288,0.29939,0.039651,0.133745,0.298257,0.197889,0.129568,0.227698,0.042377,0.15689,0.380829,0.197604,0.130632,0.378801,-0.106926,0.140814,0.380337,0.038922,0.12544,0.218618,0.196139,0.127755
0.20824414740204805,0.1342118003070355,0.1453481058600843,2.7886268699448085,0.9237290480688907,-2.816117154918016,0.2746375237865448,-0.09323897495374084,0.1823879702653885,-2.2754449787691113,0.36536364308414915,1.1652018716599741,0.300409,0.038702,0.137631,-0.0001235207912419782,-0.0009740606914842779,0.0009839397622245216,0.305001,-0.102964,0.168527,0.248459,-0.091399,0.213067,0.299435,0.039691,0.133785,0.298312,0.197945,0.129582,0.227761,0.042424,0.156954,0.380883,0.197657,0.13064,0.378868,-0.106869,0.140923,0.380374,0.038954,0.12545,0.21867,0.196179,0.127779
0.20892067095041272,0.13599923238420492,0.14551596340718864,2.79543458514011,0.9259368139657216,-2.8232934359124684,0.2745607568420172,-0.09351564024591447,0.18244205456697943,-2.2736861313025822,0.36487055159176895,1.1690206053048602,0.300387,0.038705,0.137669,3.460899581261396e-05,-0.000999978839499326,0.0012180171535555253,0.304993,-0.102923,0.168604,0.248448,-0.091326,0.213132,0.299433,0.039713,0.133787,0.298309,0.197997,0.129595,0.227756,0.042468,0.156954,0.380875,0.197697,0.130668,0.378877,-0.106813,0.141002,0.380372,0.038985,0.125466,0.218658,0.196218,0.127801
0.20927951677441597,0.1379325100398064,0.1454486107120216,2.7940661512461924,0.9276936369188609,-2.8247238609859635,0.274768877779901,-0.09375616611784698,0.1826524602946043,-2.2755100174385783,0.3649835188030074,1.1657980105070678,0.3004,0.038649,0.137769,-5.55634150642759e-05,-0.000724033472546402,0.0012059797389421523,0.305023,-0.102907,0.168695,0.248458,-0.09129,0.2132,0.299438,0.03969,0.133821,0.298313,0.197952,0.129637,0.227742,0.042421,0.156913,0.380879,0.197667,0.130703,0.378881,-0.106855,0.141051,0.380375,0.038964,0.125509,0.218668,0.196195,0.127843
0.20977203391790383,0.13818474832022193,0.14391892872932555,2.8100079941570524,0.9263785818798227,-2.8145243815608816,0.2746599037263989,-0.09327364036995173,0.18418634069645407,-2.2816372955376276,0.3643088309382848,1.1662226470978991,0.300425,0.038578,0.137692,-0.00016729547007983723,-0.0011401032570943494,0.001235904475581628,0.305043,-0.102925,0.168665,0.248456,-0.09131,0.213143,0.299452,0.039653,0.133775,0.298318,0.197895,0.129627,0.227699,0.042346,0.156787,0.380881,0.197612,0.130676,0.378876,-0.106908,0.141023,0.380387,0.038924,0.125496,0.218682,0.19614,0.127823
0.21082065375149245,0.13932992225265506,0.14395509789544345,2.802930636815166,0.9306082705209329,-2.830301002023923,0.27473484526801106,-0.09322652488398553,0.18410374215888978,-2.2809099090388782,0.3647275591225475,1.1690763997070057,0.300424,0.038563,0.137862,-0.0006760900275823099,0.0001515983848964685,0.0011880511073571367,0.305019,-0.102951,0.168507,0.248408,-0.09134,0.21296,0.299445,0.039643,0.133714,0.298317,0.197882,0.129581,0.227652,0.042301,0.156587,0.380883,0.197604,0.130636,0.378867,-0.106916,0.140928,0.380388,0.038911,0.125441,0.218677,0.196128,0.127773
0.2114430087476969,0.14042523815441138,0.14387284653249383,2.8010259146519294,0.9340210887084164,-2.827710545096743,0.2749418409575224,-0.09349961045208577,0.18389481390869616,-2.2806723683811416,0.36495444171106595,1.1702259890666644,0.300394,0.038568,0.137799,-0.0005139758582449943,-3.634127757319572e-05,0.0013279904655602167,0.304948,-0.102993,0.168315,0.248342,-0.091409,0.212776,0.299425,0.039643,0.133657,0.2983,0.197904,0.129559,0.227588,0.042274,0.156368,0.380873,0.197614,0.13063,0.378837,-0.106907,0.140825,0.380369,0.038923,0.125427,0.218659,0.196145,0.127743
0.21267730171084404,0.14149462788021572,0.14406127565684915,2.79382721834408,0.9369559268969265,-2.836090487875778,0.27514993688988687,-0.09377016915613418,0.18388616473424435,-2.278876703047127,0.36473329326956083,1.166549549870206,0.300422,0.038626,0.137576,-0.00018333590009913617,-0.0011181087756101861,0.0011878973655266162,0.304899,-0.103003,0.168043,0.248298,-0.091464,0.212536,0.299432,0.039651,0.13356,0.298318,0.197923,0.129503,0.22754,0.04225,0.156123,0.380893,0.197632,0.130589,0.37883,-0.106899,0.140668,0.380383,0.038941,0.125378,0.218692,0.196165,0.127704
0.21363441835939884,0.14223846634310489,0.14395160329002143,2.791458112483948,0.9394005842492421,-2.832901008850141,0.2751110533072352,-0.09364461559855941,0.18387405373311044,-2.280284192184353,0.364911909691487,1.170763712298088,0.30038,0.03863,0.137487,-0.00014312867340539616,-0.0014620850366984816,0.0011918952256962006,0.304802,-0.103043,0.167765,0.248217,-0.091528,0.212255,0.29942,0.039635,0.133512,0.298295,0.197909,0.129525,0.227477,0.042216,0.155955,0.380871,0.197621,0.130608,0.378786,-0.106942,0.140574,0.380366,0.038928,0.125377,0.21867,0.19615,0.127716
0.21405330794006588,0.14279756996363407,0.14367867460656167,2.778842979556577,0.9399080414709418,-2.8391007658547682,0.27506511816811563,-0.09384565921968224,0.18392051338839532,-2.2792205856672965,0.36421162134364193,1.1704416774937538,0.300327,0.038643,0.13755,-0.00013316184571233986,-0.0013900800665517404,0.0012059073010004986,0.304692,-0.103085,0.167525,0.248099,-0.091608,0.212042,0.299384,0.039636,0.133532,0.298264,0.197909,0.129586,0.227403,0.042192,0.155883,0.380835,0.197617,0.130644,0.378733,-0.106951,0.140521,0.380344,0.038926,0.125428,0.218633,0.196154,0.127767
0.21505863460004332,0.143482489240706,0.1431311747750938,2.779584120956704,0.9411721458137445,-2.8391940178100765,0.27523165492725365,-0.09393973226261143,0.18388780397927762,-2.2817228924072133,0.3650891264397328,1.174808619224157,0.300373,0.03868,0.137642,-0.00011543226110147539,-0.001012064667724583,0.0011219414698328293,0.304655,-0.103143,0.16727,0.248061,-0.091703,0.211778,0.299413,0.039661,0.133592,0.298298,0.197942,0.129563,0.227368,0.042155,0.155763,0.38087,0.197653,0.130648,0.378727,-0.106925,0.140328,0.380365,0.038953,0.125457,0.218663,0.196188,0.127762
0.2156360713660717,0.1439630339468122,0.14223714986997843,2.7712888799194095,0.9413342705387384,-2.8443035883010386,0.27517851819854977,-0.09390875185647607,0.18403913217866422,-2.280042726779321,0.3644010739489003,1.1662260172295724,0.300454,0.038707,0.137649,-0.0002235497100195378,-0.0009441065512666109,0.0009538944002646282,0.304621,-0.103227,0.167092,0.248078,-0.091836,0.211647,0.299441,0.039677,0.133606,0.298345,0.197972,0.129557,0.227433,0.042194,0.155843,0.38091,0.197683,0.13063,0.378755,-0.106919,0.140225,0.380386,0.038971,0.125444,0.218705,0.196206,0.127763
0.21610333763062956,0.1446612197955251,0.14097107762295008,2.786576091618839,0.9422215154214562,-2.7962104840005946,0.2752385064395666,-0.09429936292448643,0.18434793574631214,-2.2793039398241417,0.36489357848134996,1.1728209904550795,0.300425,0.038645,0.137667,-0.00014337676352754408,-0.0010200875094806463,0.0012219267195046682,0.30454,-0.103289,0.166964,0.248016,-0.091918,0.211521,0.299425,0.039685,0.133651,0.298329,0.197981,0.129585,0.227434,0.042193,0.155928,0.38089,0.197688,0.130658,0.378735,-0.106931,0.140212,0.380373,0.038986,0.125499,0.218691,0.19621,0.127814
0.21655110321640963,0.14459610087198022,0.1406602324706614,2.785270574225791,0.9449882748764087,-2.817121766846187,0.2754412011797428,-0.09385568771138791,0.18448861963748933,-2.283401936678736,0.36609711724344907,1.1751935631530595,0.300415,0.038635,0.137652,-0.00010343389410364103,-0.0009160638556217174,0.0012359524666180756,0.304535,-0.103312,0.166817,0.24803,-0.091953,0.21142,0.299435,0.039683,0.133631,0.29832,0.197962,0.129535,0.227458,0.042174,0.155978,0.380883,0.197664,0.130616,0.37871,-0.106948,0.140117,0.380369,0.038979,0.125447,0.218688,0.196202,0.127763
0.21665456515103582,0.14532519869971278,0.14045211706909538,2.7895106969808356,0.9476848551156654,-2.819617099288836,0.275376086807251,-0.0943261318905354,0.18428797388851642,-2.2824770045661174,0.36632562525946744,1.1703840107962336,0.300408,0.038569,0.137487,-0.00019499209919166284,-0.0015701248473580366,0.001283846742591928,0.304539,-0.103361,0.166792,0.248077,-0.092024,0.211473,0.299431,0.039646,0.133633,0.298313,0.197913,0.129529,0.227485,0.042133,0.15609,0.380877,0.197614,0.130615,0.378702,-0.107001,0.140123,0.380371,0.038931,0.125452,0.218686,0.196146,0.127789
0.21760630661249164,0.145825729972899,0.13963235252919792,2.7843934882434276,0.9498744661667111,-2.827657739772653,0.27561919046676153,-0.09431928830039504,0.184495090341568,-2.280865989247715,0.36644233998410825,1.1703428202980044,0.300412,0.038572,0.137464,-0.00015898109072007985,-0.0015801037841020515,0.0012898755077721264,0.304527,-0.103406,0.166727,0.248107,-0.092059,0.211467,0.299441,0.039645,0.133631,0.298321,0.197905,0.129506,0.227513,0.042131,0.156156,0.380885,0.197612,0.130585,0.378696,-0.107015,0.140082,0.380373,0.038932,0.125438,0.218692,0.196149,0.127778
0.21816115925908092,0.1460657855519057,0.1392290051713884,2.782544192521434,0.9508816696809868,-2.833277387223976,0.27568457989996664,-0.0944147563828528,0.1844555219861269,-2.2799132101185724,0.36670556893755357,1.172756957953288,0.300463,0.038593,0.137568,-0.0002114334027562608,-0.0009941204240278623,0.0011398947813969769,0.304549,-0.103435,0.166678,0.248155,-0.092092,0.211476,0.299474,0.039649,0.133647,0.298356,0.197923,0.129498,0.227571,0.042148,0.156234,0.380927,0.197631,0.130587,0.378732,-0.107004,0.140057,0.380401,0.038939,0.125426,0.218737,0.19616,0.127785
0.21850708796679968,0.146126395575285,0.13852488877359032,2.776108733289611,0.9522700273500491,-2.8365116196980438,0.2757105856401324,-0.09426764551633598,0.18468165152466298,-2.2812399615971497,0.36696518582988813,1.1721293645439106,0.300519,0.038601,0.13742,-0.0002490967372989114,-0.0016761338446327008,0.0010777911358201978,0.304565,-0.103454,0.166646,0.248198,-0.092117,0.211489,0.299505,0.039655,0.133682,0.298397,0.197933,0.129514,0.227631,0.042161,0.156319,0.380966,0.197641,0.1306,0.378775,-0.107003,0.14005,0.38043,0.038943,0.125465,0.218774,0.196173,0.127822
0.21890310175120825,0.14626634489965445,0.13765617646041511,2.7771955409415403,0.9536735140572656,-2.8403188461143682,0.27570685981774323,-0.09467926114177705,0.18451855742835999,-2.2831143087698007,0.36708469990188974,1.171589769017113,0.300474,0.03857,0.137454,-0.00015883162456510911,-0.0017521072334398702,0.0013338619911184458,0.30451,-0.103462,0.166576,0.248148,-0.092136,0.211415,0.299487,0.039673,0.13373,0.298379,0.19795,0.129555,0.227617,0.042175,0.156396,0.380937,0.197655,0.130635,0.378745,-0.106982,0.140056,0.380409,0.038967,0.125502,0.218744,0.196189,0.127882
0.21915444383323196,0.14632721505188945,0.13680299184399844,2.7666083416582756,0.9540515447977238,-2.8424282502841445,0.2756369943965673,-0.09459892792212965,0.18444303352725505,-2.2825003661571612,0.3675826225260055,1.1714377386327417,0.300445,0.038583,0.137489,-0.0001029189233591763,-0.0016040690191178664,0.0013479172513327137,0.304478,-0.10348,0.166503,0.248099,-0.09217,0.211346,0.299466,0.039684,0.133754,0.298359,0.197971,0.129558,0.227589,0.042185,0.156409,0.380917,0.197672,0.130635,0.378718,-0.106966,0.140009,0.38039,0.038983,0.125513,0.21871,0.196201,0.127919
0.21980204970836642,0.14761840798199183,0.1380434835793376,2.7737591015845107,0.9550415695331922,-2.804919242911199,0.2754900619646311,-0.09368267648833994,0.18413452114129067,-2.2713613726546007,0.3670823972129317,1.184015070037371,0.300477,0.038599,0.137377,-0.00027697645260849415,-0.0018221569436794101,0.00112374865830996,0.30447,-0.103509,0.166385,0.248067,-0.092207,0.21122,0.299456,0.039678,0.133709,0.298349,0.197962,0.129501,0.227556,0.042167,0.156324,0.380912,0.197656,0.130582,0.37869,-0.10699,0.139889,0.380387,0.038979,0.125476,0.218698,0.196193,0.127889
0.22091450509727,0.14703485224902635,0.13628618629682065,2.774808084435321,0.952394183069611,-2.817651505363391,0.2756437458868026,-0.09349921562957764,0.18406444341611863,-2.2714159453312797,0.36798888909943617,1.1810662048232636,0.300399,0.038648,0.137212,1.7035250556437528e-05,-0.002183993241030379,0.0009480194794465604,0.304439,-0.10355,0.166256,0.248002,-0.092259,0.211054,0.29943,0.039668,0.13369,0.298324,0.197946,0.129452,0.227501,0.042119,0.156219,0.380896,0.197641,0.130559,0.378668,-0.107021,0.139809,0.38037,0.038965,0.125439,0.218679,0.196184,0.127895
0.22182766188234088,0.14663442723047737,0.13484900651964546,2.785535722336599,0.9491319720167843,-2.820034486052656,0.2757062096742391,-0.09380325528231265,0.18402082008612158,-2.272635794169239,0.3684104166310598,1.1797140331041343,0.300412,0.038649,0.137165,4.099870439275809e-05,-0.002371983998431387,0.0008420494164132501,0.304415,-0.103607,0.166126,0.247952,-0.092311,0.210912,0.299412,0.039633,0.133653,0.298322,0.197917,0.129449,0.227456,0.042078,0.156093,0.380894,0.197614,0.130551,0.378667,-0.107056,0.139743,0.380365,0.038937,0.125435,0.218668,0.196149,0.127925
0.22267810815125705,0.14633111698472506,0.13281187288361787,2.784455655738335,0.9459056802287369,-2.8208361158130475,0.2758625941925049,-0.09358899826791883,0.1841763650276661,-2.2732695474110836,0.36835330091474616,1.1796395157482475,0.300505,0.038571,0.137353,-0.0002811037238862347,-0.0016181553463105597,0.0011077724518477501,0.30444,-0.103633,0.165956,0.247959,-0.092349,0.210699,0.299463,0.039627,0.133608,0.29838,0.197929,0.129421,0.227453,0.042051,0.155901,0.380937,0.197634,0.13053,0.378708,-0.107065,0.139595,0.380406,0.038942,0.12542,0.218736,0.196167,0.127944
0.2236665175557136,0.1461123486170769,0.13134422014716268,2.7822168769157187,0.9417945837254158,-2.8268834489389176,0.2759731685992479,-0.0935797067782283,0.18412690727949144,-2.2767029537236545,0.3683743411707162,1.1773609322780443,0.300517,0.038614,0.137364,-0.0002451211293435883,-0.0015781361811484892,0.0011138064674916246,0.304412,-0.103661,0.165758,0.247933,-0.092377,0.210479,0.299485,0.039638,0.133564,0.298401,0.19797,0.129452,0.227439,0.04205,0.155734,0.380954,0.197663,0.130543,0.378705,-0.107059,0.139468,0.380416,0.038962,0.12541,0.218747,0.196194,0.128002
0.22453008928149937,0.14583440093475586,0.12938832443851234,2.7778198374114806,0.9391032742478387,-2.8363112590711768,0.2761153499825001,-0.09387513930028679,0.18445730142974853,-2.276354772570733,0.3684837414716078,1.177244849964854,0.300476,0.038614,0.13739,-0.00012892053236080223,-0.0016040864128419965,0.0013458963969264475,0.304359,-0.103673,0.165524,0.247914,-0.092406,0.210266,0.299479,0.039649,0.133537,0.298397,0.197998,0.129483,0.227396,0.042033,0.155599,0.380955,0.197676,0.130563,0.378694,-0.10706,0.139324,0.380419,0.038975,0.125431,0.21873,0.196222,0.12811
0.22581067552268502,0.1459413138944507,0.12835469004678726,2.783480449974853,0.9374391776575797,-2.8403409419592003,0.27609251994329687,-0.09396955452272299,0.1843384453803301,-2.2785543130907184,0.36860948634902546,1.1759035375588942,0.300486,0.03861,0.137377,-0.00020090927124489773,-0.0017741248499862994,0.0012298228558158507,0.304353,-0.103678,0.165216,0.247939,-0.092429,0.210045,0.299487,0.039635,0.133485,0.298402,0.197958,0.129488,0.227371,0.041979,0.155462,0.380959,0.197657,0.130582,0.378701,-0.107106,0.139157,0.380431,0.038962,0.125447,0.218742,0.196206,0.128288
0.22647936546504494,0.1455528114484549,0.1272482280780673,2.7789991472998077,0.9364220182601317,-2.846674584803276,0.27609494547867774,-0.09375327075278761,0.18442341650938987,-2.27640056128918,0.36871599700102853,1.169818577593274,0.300496,0.038582,0.137415,-0.00030103063585618935,-0.0017501662844540177,0.0011077364597417497,0.304312,-0.10372,0.164962,0.247981,-0.092482,0.209867,0.299463,0.039589,0.133455,0.298382,0.197899,0.129519,0.227336,0.041892,0.155402,0.380943,0.197597,0.130596,0.378658,-0.10718,0.139023,0.380424,0.038926,0.125452,0.218734,0.196154,0.128429
0.22585813550800088,0.146669761400044,0.12868246073800327,2.7788500951132233,0.9376532291457864,-2.789984698839767,0.27613465424346917,-0.09381054633796215,0.1831229991106987,-2.266732787344213,0.3690263633519689,1.175687100213655,0.300435,0.038648,0.13723,1.3032391450245738e-05,-0.002457995746747492,0.0008400168073981388,0.304225,-0.103773,0.164709,0.247974,-0.092557,0.209703,0.299429,0.03958,0.133469,0.298353,0.197895,0.12954,0.227309,0.041878,0.155418,0.380916,0.197601,0.130612,0.378594,-0.107206,0.138858,0.380401,0.038924,0.125463,0.218707,0.196169,0.12853
0.22754756931364534,0.1460685169048906,0.12838905366677045,2.772199671170095,0.9419447028265842,-2.809289913370742,0.27622422401392455,-0.09411082201611998,0.18299618409526347,-2.268302499369649,0.3683716321248831,1.176574568220949,0.30042,0.038677,0.137386,-0.0003314509275399142,-0.0012341473050659984,0.0008897954115902651,0.304157,-0.103853,0.164456,0.247998,-0.092643,0.209544,0.299431,0.039612,0.133441,0.298367,0.19796,0.129469,0.227326,0.041924,0.155449,0.380931,0.197661,0.130574,0.378568,-0.107187,0.13867,0.3804,0.038956,0.125414,0.218715,0.196243,0.128568
0.2282484270423651,0.1456140284391642,0.12828337679880858,2.7727831468150663,0.9451646501792768,-2.8176030068565137,0.27625122997486584,-0.09431907772839071,0.1827211899564266,-2.2674740039048604,0.36754708887482856,1.1771122914523726,0.300384,0.038654,0.137407,-0.0003574929725850808,-0.0010081797013147466,0.0010058197065613164,0.304081,-0.103967,0.164258,0.248022,-0.092724,0.209485,0.29941,0.039612,0.133462,0.298358,0.197985,0.12946,0.227357,0.041958,0.155575,0.380914,0.197675,0.130559,0.378534,-0.107194,0.138568,0.380376,0.03896,0.125387,0.218701,0.196248,0.128608
0.2287824456304312,0.14480892963075642,0.1279875933958888,2.77339208866277,0.9495009253343503,-2.824192437192459,0.276155983951509,-0.09418367992961407,0.18256636757683753,-2.269461234285437,0.36562118304134494,1.175726043957435,0.300366,0.038644,0.137174,0.0001072648498664592,-0.0024179451335213415,0.0010461306309545023,0.30404,-0.104032,0.164131,0.248088,-0.092788,0.209475,0.299387,0.039598,0.133504,0.298323,0.197958,0.129456,0.227384,0.041937,0.155762,0.38089,0.197657,0.130554,0.378517,-0.107233,0.138497,0.380354,0.038939,0.125393,0.218667,0.196225,0.128633
0.2295719731122255,0.14461535040730245,0.12780105135846137,2.7665611542826234,0.9516482726852622,-2.83021954700272,0.27606383861255646,-0.09401961801674963,0.18234907054936886,-2.2713273581780404,0.3654364712662944,1.174424424213405,0.300385,0.038619,0.137227,1.2979993639630103e-05,-0.002111995304145942,0.0009280145682504098,0.304074,-0.104066,0.16412,0.248214,-0.092826,0.20959,0.299417,0.039579,0.133541,0.298334,0.197897,0.129459,0.227468,0.041905,0.155992,0.380908,0.197598,0.130551,0.378541,-0.107285,0.138467,0.380382,0.038908,0.125411,0.218693,0.196173,0.128672
0.23040750219523903,0.1437590062143207,0.12787782783958315,2.762972666715158,0.9544573934470462,-2.8425568930417686,0.27615350840508934,-0.09411421748968962,0.18259381414663792,-2.271251479730329,0.36415757587927244,1.175180831544516,0.300448,0.038664,0.137225,2.2847087687182114e-05,-0.002045991873316615,0.0008280241531814176,0.304159,-0.104031,0.164227,0.248354,-0.092833,0.209749,0.299472,0.039599,0.133607,0.298381,0.197902,0.129449,0.22758,0.04193,0.156234,0.38095,0.197606,0.130559,0.378602,-0.107279,0.138496,0.380414,0.038919,0.12542,0.218733,0.196167,0.128685
0.23104402435123922,0.1435209016017318,0.12855890313896537,2.76133833570447,0.957564605063816,-2.8468519133207,0.27607851685243845,-0.09409500279429556,0.1826008672140837,-2.2707947139022346,0.3637872041631298,1.1735137397434734,0.300467,0.038672,0.137256,1.4939900683465052e-05,-0.0019539941460891604,0.0009620154840548728,0.304218,-0.103977,0.164377,0.248471,-0.092818,0.210008,0.299518,0.039647,0.133698,0.298422,0.197955,0.129461,0.227706,0.042035,0.156521,0.380976,0.197661,0.130566,0.378656,-0.107208,0.138624,0.380436,0.038957,0.125445,0.218775,0.196219,0.128738
0.2313244507789612,0.14314375811576846,0.12875866643357275,2.7747972238488616,0.9604231148146709,-2.849316723537013,0.27608954428648946,-0.09375642933285239,0.18283679986929896,-2.269903609373448,0.3638232344727095,1.1680983126036093,0.300505,0.038717,0.137266,3.288328236593028e-05,-0.002053987191511576,0.0008600345779283135,0.30428,-0.103925,0.164635,0.248586,-0.09279,0.21033,0.299534,0.039679,0.133795,0.298428,0.197984,0.129494,0.227803,0.042102,0.156853,0.380985,0.197692,0.130601,0.378683,-0.107167,0.138765,0.380446,0.038975,0.125498,0.218799,0.196247,0.128784
0.23107815053910014,0.14463512020033603,0.12795989282357692,2.770964934840526,0.9633902608201426,-2.756355197511156,0.2761517080076933,-0.09419999925994876,0.18228152718329432,-2.266980233316552,0.3627255291011551,1.179815137054332,0.300495,0.038675,0.137234,-2.703427516230694e-05,-0.0022460129261451336,0.0008599704473175442,0.304333,-0.103862,0.16486,0.248656,-0.092765,0.210607,0.299528,0.039666,0.133856,0.298401,0.19794,0.129485,0.227846,0.042128,0.157151,0.380969,0.197649,0.130588,0.378667,-0.107188,0.138832,0.380433,0.038951,0.125485,0.218779,0.196208,0.128779
0.23201930829882617,0.14418297289431098,0.1290602858275473,2.757483951020233,0.9727680195216686,-2.7684122259255126,0.27604268394315246,-0.09415822703859211,0.182141436439991,-2.2672764582909917,0.36162245078869837,1.1791036648121977,0.300399,0.038579,0.137228,8.729510580438645e-05,-0.0023759536779431,0.0010901046866944053,0.30435,-0.103864,0.165154,0.248664,-0.092747,0.21088,0.299459,0.039624,0.133948,0.298332,0.197887,0.129496,0.227856,0.042139,0.157423,0.380906,0.197591,0.13058,0.378605,-0.107223,0.138967,0.380386,0.038902,0.125511,0.218697,0.196159,0.12881
0.2318920122012496,0.14433905020773413,0.1300027226664424,2.753609343175003,0.983430868006018,-2.771054177406327,0.2760552867249251,-0.09400790494900946,0.18189474084699153,-2.2678520878943185,0.36172498817347953,1.1770467611142807,0.300385,0.038579,0.13722,-3.6954428561655936e-05,-0.002206018827007909,0.0009479601159040192,0.304385,-0.10386,0.165385,0.248689,-0.092725,0.211135,0.299449,0.039625,0.133997,0.29831,0.197876,0.129462,0.227874,0.042181,0.157623,0.38089,0.19758,0.13056,0.378575,-0.107235,0.13903,0.380369,0.038897,0.125481,0.218678,0.196155,0.128809
0.23263749648332593,0.1439388419632316,0.13100925056877732,2.7398516016514796,0.9942774122955678,-2.7786635744100727,0.276142656009674,-0.09388793154954911,0.1819349886263609,-2.2670385438477982,0.3608638728046788,1.1742098591635406,0.300435,0.038674,0.137147,8.939181909809743e-06,-0.0022739976021594896,0.0008260109428808527,0.30447,-0.103834,0.165565,0.24875,-0.092671,0.211281,0.299488,0.039677,0.134002,0.298359,0.197938,0.129402,0.227962,0.042259,0.157773,0.380934,0.197644,0.130513,0.378643,-0.107167,0.139039,0.380395,0.038936,0.125435,0.218719,0.196202,0.128773
0.23289625549018383,0.14416055845791104,0.13204883743840456,2.7220874272332836,1.0025627568356663,-2.776863512067946,0.27617336278748505,-0.09374192618605498,0.1818574264534712,-2.268216715607335,0.36004989483337313,1.1759776804557056,0.300437,0.038727,0.137207,1.0873462118473754e-05,-0.002119996846066138,0.0008240123032346856,0.304482,-0.103798,0.16569,0.248752,-0.092623,0.211408,0.29949,0.039706,0.134073,0.298376,0.197999,0.12944,0.227998,0.042321,0.157919,0.380943,0.197686,0.130544,0.378654,-0.107111,0.139133,0.380395,0.038983,0.125479,0.218737,0.196264,0.128845
0.23242998926043507,0.14384896744358544,0.1333152241999209,2.7188936658081797,1.0106475196118503,-2.779545161168289,0.2760885440657138,-0.09352616884613041,0.18225497572755814,-2.2730226621169294,0.35966809997396776,1.1712130631878566,0.300404,0.03871,0.137234,0.00010320918314425168,-0.002263946177305457,0.00106811779655307,0.304477,-0.103777,0.16573,0.248754,-0.092601,0.211446,0.299495,0.039727,0.134144,0.298373,0.198023,0.129493,0.228011,0.042335,0.158034,0.380937,0.197705,0.130582,0.37865,-0.10708,0.139194,0.380393,0.038999,0.125546,0.21875,0.196282,0.128966
0.23204618423432105,0.14360245199799543,0.13458891468676926,2.709448700618087,1.0170379277214665,-2.7820595934090133,0.2762280248528719,-0.09351021801680331,0.18246485301434995,-2.2652073688953966,0.36059888297144194,1.1753336108470371,0.300428,0.038676,0.137262,0.00011725985025929764,-0.002323937715291725,0.0010841372302097898,0.304489,-0.103793,0.165673,0.248774,-0.092625,0.211416,0.299519,0.039723,0.134196,0.298392,0.197989,0.129541,0.228027,0.042314,0.158069,0.380953,0.197685,0.130612,0.378663,-0.107098,0.139212,0.380421,0.038991,0.125597,0.218781,0.196286,0.129144
0.23116615360230203,0.1441942017899156,0.13523354125159978,2.7048681546529787,1.021672684158317,-2.785674323821207,0.2766312388530373,-0.09397234460178022,0.1829253406701088,-2.264494746922187,0.3615861044237716,1.1694658371448057,0.300446,0.038656,0.137332,-6.501269665217507e-05,-0.002092032012782546,0.0009439328695519014,0.304461,-0.103833,0.165604,0.248751,-0.092708,0.211347,0.299517,0.039702,0.134275,0.298382,0.197975,0.129559,0.228001,0.042269,0.158108,0.380944,0.197666,0.130629,0.378666,-0.10713,0.139193,0.380418,0.038977,0.125642,0.218802,0.196269,0.129334
0.23149874851256608,0.144714589565754,0.13251069613966346,2.713613922776858,1.0214399897908362,-2.7139530840254342,0.27652349006998533,-0.09423956047526005,0.183370449619174,-2.2669385562381295,0.36109215506687764,1.1800574120757323,0.300432,0.038637,0.137446,-0.0004034237824403321,-0.001106210025914244,0.0010417767699773138,0.304431,-0.103878,0.165475,0.248744,-0.092803,0.211213,0.299531,0.039695,0.134327,0.298398,0.197974,0.12953,0.228005,0.042239,0.158129,0.380957,0.197667,0.130602,0.378667,-0.107144,0.1391,0.38043,0.038967,0.12563,0.21885,0.196266,0.129489
0.2344749771088362,0.14354665435844666,0.13234627495455742,2.708230816922679,1.0303678792223463,-2.7197172907327776,0.27642561846709246,-0.09405752097752695,0.18349617539942265,-2.2677902264012335,0.36140527561441504,1.1824854047167834,0.300485,0.03866,0.137242,-5.106021431550492e-05,-0.0021960231658076147,0.0008559447390029163,0.304425,-0.103955,0.165346,0.248749,-0.092951,0.211123,0.299545,0.039686,0.134427,0.298403,0.197945,0.129492,0.228028,0.042195,0.158271,0.380972,0.197651,0.130586,0.378678,-0.107192,0.139022,0.380439,0.038936,0.125613,0.218914,0.196235,0.12982
0.23666488666832447,0.14246100657916072,0.13266685840728878,2.705066266730122,1.04141637176958,-2.720060338086442,0.2766795745220184,-0.09434976859802008,0.18350816777098178,-2.2693496593266103,0.3612311291181134,1.1752897991352844,0.300435,0.038627,0.137226,1.2995221103639619e-05,-0.002081995118129365,0.0009560144111888481,0.304386,-0.104,0.165227,0.248747,-0.093102,0.211027,0.299541,0.039666,0.134561,0.298378,0.197924,0.129452,0.228049,0.04216,0.158535,0.380947,0.197611,0.130542,0.378638,-0.107235,0.138906,0.380411,0.038921,0.125623,0.218964,0.19611,0.130163
0.2388187533065676,0.1409237317515612,0.13255053464147448,2.7052756138967062,1.0498790676795242,-2.726874471929155,0.27686156469213963,-0.09445766042873266,0.18382339890468122,-2.265402484903797,0.36144053836100865,1.1807700076950907,0.300364,0.038607,0.137211,0.0001671510050997852,-0.0020959095482200687,0.0010981761544463435,0.304339,-0.104052,0.165143,0.248733,-0.093243,0.210996,0.299509,0.039668,0.134751,0.298323,0.197919,0.129464,0.228097,0.042177,0.158954,0.380901,0.197613,0.130547,0.378587,-0.107242,0.138907,0.380375,0.038927,0.125632,0.218928,0.195919,0.130781
0.240620441019535,0.14064019129884248,0.13300665054115654,2.6917141119354193,1.0567269583815826,-2.726984014888704,0.27691602671337123,-0.0945410469424427,0.18419859189617635,-2.2659979251363294,0.360746345366288,1.1798851609013212,0.300353,0.038623,0.13721,0.00015926530023173196,-0.0021999097212986596,0.0011501762079733568,0.30431,-0.104111,0.165183,0.248799,-0.093398,0.21111,0.29954,0.039679,0.135066,0.298326,0.197933,0.12948,0.228225,0.042217,0.159469,0.380905,0.197621,0.130567,0.378576,-0.107235,0.138936,0.380373,0.038939,0.125713,0.219007,0.196009,0.131383
0.24198028001934285,0.13923146348077065,0.1328555438027084,2.6817980219947657,1.06051712406264,-2.7291666349511017,0.27709564135915044,-0.09493534302052858,0.18476220100593566,-2.2690283907265716,0.361797771204861,1.1832968575318912,0.300407,0.038732,0.137402,0.00010856699035772357,-0.0014499572920267654,0.000782078668912561,0.304316,-0.104117,0.16527,0.248873,-0.093488,0.211275,0.299588,0.039738,0.135365,0.298359,0.197992,0.129495,0.228434,0.042342,0.160148,0.380931,0.197683,0.130579,0.378601,-0.107182,0.138993,0.38039,0.038988,0.125767,0.219441,0.196261,0.131205
0.24279401667714112,0.138898671964705,0.13318705372172596,2.6743038428346164,1.0628427988503755,-2.7369155353819656,0.277240098244667,-0.09463377758884434,0.18522211708283426,-2.264824051909545,0.3622323021564833,1.1856398479629604,0.30041,0.038693,0.137329,-5.064428159181175e-06,-0.0020120036882053586,0.0009299957681452017,0.304354,-0.104143,0.165423,0.248989,-0.093617,0.211564,0.299645,0.039754,0.135777,0.298361,0.198032,0.129548,0.228545,0.042417,0.160816,0.380942,0.197727,0.130635,0.378602,-0.107152,0.139027,0.380381,0.039015,0.12592,0.219482,0.196509,0.132179
0.24299169022440908,0.1387961378407479,0.1334465281743109,2.6749869362726315,1.0642625858761194,-2.7392105071977473,0.277847307272017,-0.09503775997912889,0.18571257488298415,-2.267485778146747,0.36378801687687967,1.190410082116932,0.300414,0.038682,0.137506,-0.0002734404183673868,-0.0010721426131159004,0.0010438533215982888,0.304433,-0.104174,0.1656,0.249175,-0.093729,0.211927,0.299697,0.039786,0.13611,0.298388,0.198051,0.129575,0.228751,0.042486,0.1616,0.38096,0.197729,0.130648,0.37863,-0.107157,0.139032,0.38039,0.039019,0.125981,0.219609,0.196624,0.132934
0.24283797654062506,0.13912771542215352,0.13186481151688098,2.680924306539235,1.0643391095271701,-2.674990806722472,0.2773672763162851,-0.09547451263758544,0.18550830553972722,-2.256890081805508,0.3636107549778701,1.2044934879204368,0.300425,0.038662,0.137455,-0.00038742800763330555,-0.0011002013102427634,0.001039786781836373,0.304485,-0.104203,0.165678,0.249348,-0.093839,0.2122,0.299763,0.039807,0.136376,0.298402,0.198038,0.129524,0.228985,0.042539,0.162369,0.380966,0.197731,0.130623,0.378652,-0.107159,0.13906,0.380413,0.039011,0.125971,0.21974,0.196662,0.133572
0.24398764155805114,0.13791933017778402,0.13242321451726558,2.6674114899655255,1.0675240160753638,-2.672720552292435,0.2778550089719891,-0.09462480195716028,0.186086290397048,-2.259017481732349,0.36517545470027946,1.2010623194179768,0.300394,0.038683,0.13724,0.00010929226488286264,-0.0023279406125456875,0.0011101282090401458,0.304726,-0.104438,0.165643,0.249702,-0.094256,0.212317,0.299684,0.039695,0.137496,0.298392,0.198082,0.129457,0.228409,0.041877,0.16231,0.380934,0.197721,0.130589,0.378588,-0.107343,0.138271,0.380371,0.038995,0.126825,0.219466,0.196474,0.13607
0.24357912733852866,0.13698910938978198,0.13326823340567948,2.6656940192929737,1.0717421871261372,-2.6682347212856743,0.27860802518290284,-0.09460798251831531,0.18628760478544237,-2.257513555947293,0.3662858474364854,1.2014502590194773,0.300384,0.038666,0.137163,4.544214352004297e-05,-0.0024819748047277103,0.001162057424408773,0.304709,-0.104765,0.165171,0.250158,-0.095012,0.212493,0.299879,0.039696,0.138647,0.298384,0.198093,0.129411,0.22903,0.041901,0.164622,0.380929,0.197702,0.130566,0.378518,-0.107399,0.137812,0.380372,0.038969,0.126971,0.219925,0.196226,0.13872
0.24336999505907292,0.13654663020622737,0.1341728353165388,2.6492136410949065,1.0763427812187685,-2.6647662354058017,0.2793213076235056,-0.09445892386075855,0.1870048284100294,-2.256201942779713,0.3666480468643649,1.2029874135215621,0.3004,0.038633,0.137171,-2.6831632751570244e-05,-0.0022600151695945907,0.0010339706219137349,0.304506,-0.104847,0.165309,0.249993,-0.09521,0.212707,0.299893,0.039691,0.138891,0.298381,0.19804,0.129382,0.229366,0.042051,0.165546,0.380934,0.197661,0.130552,0.378626,-0.107405,0.138488,0.380367,0.03893,0.127024,0.219892,0.196203,0.137885
0.24243808762133118,0.1364272744162679,0.13471287998977305,2.643208860291657,1.0746984987881565,-2.6573564500172333,0.2794563374282122,-0.09519353061932329,0.18759325266993046,-2.2580454526521856,0.36792202081812353,1.2035996541088716,0.300404,0.038607,0.137278,-2.7022551550287213e-05,-0.002028014357425741,0.000963973488276653,0.304496,-0.104935,0.165386,0.250144,-0.095551,0.213069,0.299981,0.03977,0.139683,0.298374,0.198035,0.129458,0.229577,0.041994,0.166931,0.380921,0.197649,0.130596,0.378616,-0.107422,0.138616,0.380364,0.038927,0.127177,0.220079,0.195993,0.139859
0.24036222369819876,0.13606526175874478,0.13523496239113808,2.627735895113469,1.075710289817227,-2.6532069252589343,0.27954640730905533,-0.09668853920698167,0.18833854836571218,-2.263406844350445,0.3705041930046651,1.2051345618565072,0.300381,0.038652,0.137425,0.00019688783496827182,-0.0016438932945064657,0.0010801617263568226,0.304639,-0.104943,0.165642,0.250468,-0.095746,0.213615,0.300098,0.039836,0.140423,0.29836,0.198116,0.129493,0.229925,0.042078,0.168321,0.380905,0.197704,0.130643,0.378583,-0.107389,0.138485,0.380342,0.038977,0.127368,0.21998,0.196966,0.14249
0.2395089856654406,0.13615283847349885,0.135687723469615,2.619896424204499,1.0759871024120993,-2.6458943241370427,0.2799235405524969,-0.09626260468524694,0.18853338126552105,-2.2517737064741192,0.3720249158830512,1.2013098368664252,0.300385,0.03867,0.137469,0.00017085033895796625,-0.0016319106129574089,0.0010421393119914718,0.304746,-0.104892,0.166238,0.250636,-0.09574,0.214243,0.300163,0.039882,0.140825,0.298374,0.198135,0.12952,0.230267,0.042212,0.169318,0.380911,0.19773,0.130664,0.378606,-0.107363,0.138745,0.380339,0.039,0.127443,0.220039,0.197015,0.142858
0.23776334156990048,0.1366321258901358,0.13644880193579198,2.6193380402592794,1.0734846618947045,-2.6349224264074493,0.28059373848319047,-0.09615752925509219,0.18956661250829698,-2.2591314862966443,0.3737307568933629,1.2027732229307722,0.300335,0.038664,0.137528,0.00024078169335351826,-0.001471871857933399,0.0010621771001178453,0.304835,-0.104851,0.166805,0.250741,-0.095683,0.214836,0.300176,0.039907,0.141068,0.298339,0.198133,0.12956,0.230366,0.04235,0.169858,0.380871,0.197719,0.130681,0.378581,-0.10732,0.139028,0.380291,0.038998,0.127521,0.220038,0.197012,0.143027
0.23814827163517477,0.13680337738680842,0.13577816385793687,2.625114748746876,1.0752073225036247,-2.641495378486232,0.28076572644555564,-0.09743259538424015,0.18733591276872158,-2.2513644113990265,0.3739860844631284,1.2122616414273164,0.300319,0.038635,0.13753,0.000202774526351718,-0.001477893462016535,0.0010481497436826321,0.304983,-0.104813,0.167233,0.251001,-0.095641,0.215361,0.3002,0.039885,0.141298,0.298317,0.198091,0.129551,0.230546,0.042428,0.170511,0.380855,0.197677,0.130668,0.37857,-0.107354,0.139067,0.380283,0.038976,0.127545,0.22013,0.197031,0.143578
0.23717248767018312,0.13687799101358655,0.13606487293544411,2.6140111098523056,1.0720623370948186,-2.633583568012962,0.28123825574547046,-0.09705840893256668,0.18793740785086155,-2.2548783684775175,0.37552861516047065,1.2116763618933923,0.300359,0.038618,0.137306,4.704729435215593e-05,-0.00219997891696915,0.0009520526316493487,0.305138,-0.104747,0.16761,0.251216,-0.095587,0.215868,0.300237,0.039894,0.141492,0.298344,0.198081,0.129525,0.230743,0.042459,0.171009,0.380887,0.197672,0.130646,0.378605,-0.107352,0.139172,0.380306,0.038958,0.127556,0.220206,0.197051,0.143829
0.23629045696854595,0.13805355666732794,0.1359167715576589,2.61180528729205,1.0691233994250022,-2.626569260796304,0.2818156081826687,-0.09700273895892503,0.18851637409830094,-2.2511749021724765,0.3775487054874168,1.208712143857217,0.300386,0.038633,0.137326,-3.307218689253634e-05,-0.0019700169093327053,0.0009419682959484264,0.305271,-0.104701,0.167969,0.251369,-0.095495,0.216317,0.300274,0.039917,0.141648,0.298375,0.198108,0.129504,0.230854,0.042519,0.171301,0.380913,0.197704,0.130639,0.378662,-0.107327,0.139308,0.380326,0.038966,0.127554,0.220228,0.19705,0.143842
0.23518200171887876,0.13898963035458328,0.13599126489657165,2.6043391958555038,1.0657251246354862,-2.6299145342532992,0.28199272227650873,-0.09671009651592377,0.1889423189787865,-2.2536497356813254,0.37800170310146775,1.2127780204914753,0.300367,0.038685,0.137328,0.00014706200703881085,-0.0019339205837516698,0.001098143190853848,0.305393,-0.104628,0.168335,0.251476,-0.095381,0.216718,0.300296,0.039975,0.141783,0.298381,0.198187,0.129505,0.230903,0.042564,0.171534,0.380912,0.197741,0.130622,0.378682,-0.107264,0.139398,0.380328,0.038999,0.12757,0.220201,0.197095,0.14395
0.23300221751183275,0.14046486445009715,0.135943924641788,2.6028838772699086,1.0630144890317508,-2.621953101755618,0.2820406078461408,-0.09693806703209878,0.18923243299615383,-2.2516038209840463,0.3788695910848512,1.2113535781709084,0.300404,0.038669,0.137314,-3.50299564991569e-05,-0.0019920183922627135,0.0009739660068295311,0.305516,-0.104559,0.168653,0.251559,-0.095298,0.217024,0.300322,0.039963,0.141885,0.298392,0.198161,0.129517,0.23095,0.042588,0.171646,0.380922,0.197733,0.130635,0.378726,-0.107258,0.139514,0.38034,0.038991,0.12761,0.220182,0.197101,0.144004
0.23188284521549934,0.14142556366902592,0.13569666965949534,2.59390853881845,1.0596936163535653,-2.6184413604506926,0.2821151242939234,-0.09765680192583803,0.18984895089626314,-2.255514177539374,0.37941266447285116,1.214056798231943,0.300382,0.038662,0.13741,0.00019292828035937865,-0.0017478970938896903,0.001062168509619558,0.305576,-0.104478,0.168887,0.251518,-0.095222,0.217099,0.300323,0.03997,0.14189,0.298371,0.198137,0.129525,0.230901,0.042603,0.171561,0.38091,0.197701,0.13064,0.378724,-0.107259,0.139581,0.38034,0.038993,0.127609,0.220294,0.19717,0.144316
0.2304132523953914,0.1431406365695,0.13560592640537023,2.5874962987714722,1.0576859441871604,-2.617201558852105,0.28224557808858153,-0.09816580710327627,0.18960955641436578,-2.2530062640176065,0.37960640640067855,1.2102919866938295,0.300381,0.03862,0.137407,0.00015306422066097572,-0.0019239166747715315,0.0011061482347081287,0.305605,-0.10448,0.168894,0.251471,-0.095224,0.217053,0.300328,0.039955,0.141986,0.298365,0.19809,0.129557,0.23081,0.042545,0.171431,0.380898,0.197681,0.130665,0.378702,-0.107287,0.139566,0.380331,0.038989,0.127649,0.220454,0.197212,0.144772
0.2289303674459457,0.145291208529234,0.13536723320636154,2.5883254483722204,1.0563928506551201,-2.6188709186544625,0.2827543153805733,-0.09917078831538562,0.18976235130667687,-2.2585638930806367,0.381806648275523,1.2145656881146056,0.300409,0.038653,0.137442,4.0787762368257025e-05,-0.0016479801298066512,0.0009560335359083473,0.305563,-0.104498,0.168827,0.251336,-0.095247,0.216853,0.300351,0.039978,0.141908,0.298381,0.19813,0.12955,0.230741,0.042529,0.171277,0.380913,0.197708,0.130654,0.378701,-0.107271,0.139541,0.38034,0.038996,0.127646,0.2205,0.197229,0.144743
0.22989260927289717,0.14466429798698432,0.13534569478827715,2.5941909140664015,1.0597693591510338,-2.598590116398274,0.2825077609593868,-0.09946851080799107,0.1886327065731287,-2.2705582946008684,0.3817768487713594,1.2176062958020415,0.300447,0.038688,0.137272,-9.021647989309868e-06,-0.002270005183521147,0.0008619905690271334,0.305498,-0.10453,0.1686,0.251113,-0.095261,0.216445,0.300354,0.039987,0.141819,0.298406,0.198166,0.129522,0.230519,0.04245,0.170742,0.380934,0.197748,0.130645,0.378733,-0.107261,0.139504,0.380348,0.039007,0.127641,0.22064,0.197314,0.145164
0.22918908478468653,0.14530252413445716,0.13574643284070492,2.592488423513104,1.0574828246491037,-2.6005851090325214,0.28287396679085486,-0.09903183711403613,0.18905176015377045,-2.2708438666897917,0.3812452888281499,1.2145915257907678,0.300354,0.038694,0.137523,0.00020269296390854438,-0.0013298941873463215,0.0010421346858370927,0.305345,-0.104593,0.168322,0.250909,-0.095333,0.216106,0.300288,0.039966,0.141705,0.29837,0.198179,0.129549,0.23032,0.04239,0.170398,0.380888,0.197749,0.130653,0.378661,-0.107251,0.139442,0.380305,0.03901,0.127646,0.220698,0.197344,0.145471
0.22859693917334073,0.14647999739980705,0.13574688713940977,2.59491070879659,1.0553629047802646,-2.5986908584704747,0.2829809153972864,-0.09889049065613748,0.18933195242488385,-2.2729796767894084,0.38169056566157655,1.2193475304998964,0.300336,0.038662,0.137375,0.00012104551021982985,-0.001975937292795042,0.001058120548518126,0.30523,-0.104627,0.168026,0.250779,-0.095395,0.215744,0.300252,0.039937,0.141615,0.298355,0.198146,0.129557,0.230158,0.042281,0.169961,0.380883,0.197719,0.130656,0.37861,-0.107291,0.139342,0.380295,0.038998,0.127646,0.220843,0.197408,0.146003
0.22743656544983387,0.1475025639315844,0.13549371462526918,2.59658623513523,1.0533030130305534,-2.6012509804242416,0.28325250034338234,-0.09924335669237377,0.1896939236110449,-2.2746650754136946,0.381285021500368,1.2240260221805395,0.300342,0.038669,0.137437,0.00024289899665931594,-0.0017218727559954652,0.0010442090258106823,0.305148,-0.104677,0.167743,0.250675,-0.095465,0.21539,0.300242,0.039915,0.141485,0.298364,0.198129,0.129557,0.230072,0.042187,0.169579,0.380892,0.197703,0.130646,0.378612,-0.107323,0.139249,0.380307,0.038991,0.127637,0.221114,0.197396,0.146417
0.22631660979986185,0.14844800225764515,0.13552062308701873,2.5988077868207027,1.050981144904031,-2.602733274557215,0.2832465240242481,-0.09940841882225876,0.18974991677033903,-2.271071315140197,0.3809198872728359,1.221803607571558,0.300345,0.038664,0.137454,0.00021881432595492192,-0.0016058886968693838,0.0010141756088822924,0.305075,-0.104739,0.167503,0.250586,-0.095535,0.215094,0.300216,0.039903,0.141428,0.298354,0.198131,0.129556,0.229954,0.042103,0.16928,0.380893,0.197703,0.130643,0.3786,-0.107327,0.139177,0.380304,0.038989,0.127645,0.221414,0.197269,0.147023
0.22491501934677366,0.15000964248806242,0.1355592268282473,2.5994099876147416,1.0487458539184291,-2.605699548099463,0.2832717545933128,-0.09982169270223379,0.19003950234687328,-2.272122212951725,0.38258247385134647,1.2254587026007524,0.300374,0.038683,0.137418,0.0002228316941193581,-0.0016498872981541264,0.0010081837382839738,0.305016,-0.104784,0.167246,0.250523,-0.095601,0.214786,0.300226,0.039921,0.141367,0.298367,0.198164,0.129546,0.229894,0.042071,0.169084,0.380904,0.19774,0.130642,0.378611,-0.107317,0.139041,0.380318,0.03901,0.127626,0.22151,0.197388,0.147906
0.2241047828108072,0.1515902287701369,0.1353493175292313,2.6003814483484096,1.0464095400006368,-2.6039159640144995,0.2830255752549171,-0.10013220744410162,0.1898798485082388,-2.2702656205882676,0.3814296393970893,1.2252804600811444,0.300435,0.038662,0.137445,6.0671109223239735e-05,-0.0014879723614369593,0.0009020450773192798,0.304993,-0.104845,0.16698,0.250518,-0.095701,0.214517,0.300269,0.039907,0.141373,0.298406,0.198132,0.129541,0.229914,0.041999,0.169026,0.380945,0.197734,0.130643,0.378634,-0.107346,0.138928,0.380359,0.038996,0.127616,0.221657,0.197416,0.14884
0.22374777038395405,0.15324516855013376,0.13509505003872513,2.598753109385423,1.0447958084664264,-2.6056057343853882,0.28350023002398017,-0.10045375089469555,0.19010414468061926,-2.273891526411042,0.3823350025144967,1.2275444396474295,0.300416,0.038614,0.137255,7.528199827732685e-05,-0.002351960235797831,0.001090089512255764,0.30492,-0.104917,0.16672,0.250498,-0.095832,0.214343,0.30027,0.039885,0.141431,0.298407,0.198115,0.12954,0.229945,0.041961,0.169135,0.380931,0.197702,0.130626,0.378629,-0.107389,0.138825,0.380352,0.038984,0.127615,0.221895,0.197379,0.149809
0.22473572143912318,0.15277927776956562,0.13619635164010524,2.6093275755673213,1.0493996235800842,-2.6133956432062373,0.28352048449468614,-0.10177545872280003,0.1876436918082237,-2.2748824316567693,0.38204987544056757,1.2294253475801868,0.300404,0.038598,0.137241,9.130025117890886e-05,-0.0024299523836547538,0.0010701118956000144,0.304866,-0.104986,0.166511,0.250519,-0.095979,0.214271,0.300288,0.039866,0.141539,0.298394,0.198093,0.129552,0.230022,0.041953,0.169411,0.38092,0.197672,0.130627,0.378605,-0.107422,0.138766,0.380346,0.038963,0.127622,0.222492,0.196824,0.151699
0.2242832056879997,0.15368717083078626,0.13626379752475024,2.6101687092634727,1.0489660546285955,-2.615799034464034,0.28402194518053525,-0.10234308188194041,0.18819264477324488,-2.2724819814538044,0.38229788858658387,1.2331223820257602,0.300417,0.038616,0.137269,-6.701568984187563e-05,-0.002108032621318728,0.0009339302304460167,0.304846,-0.105063,0.166373,0.250623,-0.096136,0.214326,0.300338,0.039884,0.141708,0.298406,0.198107,0.129521,0.230155,0.041976,0.169866,0.380931,0.197682,0.130598,0.378614,-0.107434,0.138666,0.380357,0.038954,0.12761,0.222905,0.196711,0.152905
0.22377143787443637,0.1548592247449756,0.13623493208396437,2.611918387192423,1.048256844362608,-2.6199983684996666,0.2842165381324291,-0.10210618837708235,0.18855495027911662,-2.272099412038866,0.3832277685687805,1.2364603102185932,0.300438,0.038662,0.13722,2.2927469327489543e-05,-0.0022619918969676743,0.0008200267049393294,0.30478,-0.105014,0.166442,0.250713,-0.096111,0.214543,0.300288,0.039893,0.141444,0.298412,0.198098,0.129485,0.230738,0.042357,0.170836,0.380954,0.197689,0.130592,0.378638,-0.107391,0.138834,0.380382,0.038959,0.127459,0.223212,0.197665,0.151512
0.22309653938263657,0.15578948888778693,0.1362346292181611,2.617834036286107,1.047318941603748,-2.6233618054901258,0.28447356986623995,-0.10245779098129276,0.189153490406394,-2.2705160568442606,0.3832781116705114,1.2420345080061752,0.300372,0.038643,0.13727,0.00017330222771076234,-0.0023799064425462217,0.0010942072065312078,0.304847,-0.104924,0.166759,0.250777,-0.095885,0.21482,0.300306,0.039927,0.141487,0.29839,0.198107,0.129524,0.230533,0.042353,0.170528,0.380921,0.197699,0.130645,0.378611,-0.107354,0.138993,0.380352,0.038973,0.127515,0.223502,0.197881,0.151958
0.22217929912209505,0.1569712109244466,0.13619972975867986,2.622148310631463,1.044524169026536,-2.6290762029201358,0.2847989166790247,-0.10265172779726983,0.18974677847886084,-2.2697671776817505,0.3840326712365454,1.2463516466796296,0.300392,0.038696,0.137458,0.00020877207145671172,-0.001543895290532363,0.001000161077808235,0.304972,-0.104877,0.166959,0.251057,-0.095874,0.215201,0.30032,0.039956,0.141716,0.298414,0.198133,0.129518,0.230858,0.042485,0.171284,0.380941,0.197728,0.130647,0.378626,-0.107328,0.138983,0.380369,0.039002,0.127516,0.223607,0.197964,0.152293
0.22124751668870452,0.15848134564143423,0.13603712576839327,2.6237856376660025,1.042896772554638,-2.628413514828095,0.2847772618992328,-0.10308811195471884,0.18994538595604898,-2.2683649215409187,0.3861576016372308,1.2498562091607521,0.300388,0.038694,0.137471,0.0002067946509502789,-0.0015578942030475427,0.0010201609936931364,0.304983,-0.104837,0.167222,0.251187,-0.095865,0.215561,0.30026,0.039981,0.142084,0.298411,0.198144,0.129508,0.231073,0.042606,0.171952,0.380934,0.19775,0.130656,0.378639,-0.107281,0.139193,0.380352,0.039023,0.127574,0.223744,0.197998,0.152694
0.2205822435319424,0.15994188245660074,0.13583977375152706,2.6274134480465117,1.0415364280078354,-2.626295684276815,0.2848537287775278,-0.10314783543944361,0.19030266588175299,-2.26579813680972,0.3853121535834978,1.2532188516525222,0.30037,0.038661,0.137481,0.00020682176693261544,-0.0016078939505400043,0.001022166184815154,0.304985,-0.104849,0.167455,0.251243,-0.095905,0.215915,0.300523,0.038486,0.145276,0.29839,0.198152,0.129552,0.231182,0.042655,0.172488,0.380909,0.197724,0.130672,0.378632,-0.107269,0.139397,0.380331,0.039006,0.127642,0.223737,0.197945,0.152991
0.22014460329860447,0.16125379898554093,0.13556880204710364,2.6216427316066166,1.040660407895361,-2.627853441337478,0.2851671979686021,-0.10356050392490629,0.1905064930602312,-2.266467025884495,0.38640082880227533,1.257937035995095,0.3004,0.03861,0.137317,-1.100821953090492e-05,-0.0020880065582397035,0.0009499893859313655,0.305076,-0.104826,0.16768,0.251411,-0.095962,0.216289,0.300755,0.03998,0.14239,0.298399,0.198107,0.129496,0.231428,0.042703,0.173102,0.380923,0.197692,0.130638,0.378659,-0.107295,0.139459,0.380338,0.038987,0.12763,0.223785,0.19796,0.153126
0.22097667392790316,0.16107201227021223,0.13570747963893415,2.6148911918585194,1.0411713789581802,-2.6063680410320957,0.28455023678869007,-0.10264388399010899,0.18915608947253226,-2.2663178854872696,0.38507989805407716,1.255930309813202,0.300437,0.038616,0.137266,3.493796032813111e-05,-0.002211986495718717,0.0008480394383479947,0.30524,-0.104803,0.16803,0.251582,-0.095986,0.216718,0.300824,0.039971,0.142585,0.298422,0.198066,0.129492,0.231613,0.042726,0.173503,0.380939,0.197667,0.130622,0.378712,-0.107307,0.13957,0.380368,0.038946,0.127637,0.223791,0.197923,0.153189
0.2204575308576226,0.16265871158039574,0.13585002459409834,2.6145548881812513,1.038980694233459,-2.601549461582397,0.2848564293736219,-0.101347655374527,0.18921764743733405,-2.2651421433332013,0.3850656755634536,1.2552824956137858,0.300372,0.038589,0.137273,0.00016520143538152358,-0.0022119115907260427,0.0010861836848252155,0.305324,-0.104762,0.168399,0.251622,-0.095933,0.217049,0.300766,0.04002,0.142809,0.298394,0.198074,0.129501,0.231685,0.042769,0.173759,0.380916,0.197656,0.130628,0.378698,-0.107284,0.139703,0.380349,0.038953,0.127658,0.22384,0.1978,0.153146
0.21996484704166647,0.16360176539194587,0.13579016200321914,2.612288021635033,1.0369108466005752,-2.601921533139019,0.28446401775783303,-0.10152303553262354,0.18924514792966843,-2.2645939869609424,0.3846443737856494,1.2583118695289777,0.300371,0.038643,0.137248,0.0002972819353096402,-0.002247831801200863,0.0011403351365759957,0.305412,-0.104684,0.168639,0.251667,-0.095867,0.217256,0.300775,0.040047,0.142793,0.298409,0.198109,0.129478,0.231746,0.042841,0.173862,0.38093,0.19769,0.130613,0.378728,-0.107244,0.139739,0.380362,0.038978,0.127639,0.223872,0.197829,0.153155
0.2196392107069492,0.16473276230174305,0.1358885933892727,2.6186388431930663,1.0349389960922515,-2.6043507653000937,0.28468954253721235,-0.10113345100313426,0.18916549356245996,-2.2651961553316955,0.38418555172305746,1.2568522280553784,0.300385,0.038638,0.137267,0.00017324728319377587,-0.0021799022029804637,0.001144189850377025,0.305453,-0.104649,0.168726,0.251651,-0.095819,0.217277,0.3008,0.040031,0.14274,0.298419,0.19811,0.129503,0.231735,0.042821,0.173789,0.380947,0.197688,0.130629,0.378744,-0.107238,0.139784,0.380371,0.038977,0.127654,0.223899,0.197821,0.153169
0.21899606332033866,0.1652384094424248,0.13585503352853656,2.6176175735628764,1.0337411666972336,-2.6036717862038126,0.2844211833031177,-0.10169280921110513,0.18927935638523102,-2.2651845679825375,0.3835545697977748,1.256448935631811,0.30037,0.038653,0.137427,0.0002728941610933927,-0.0017158573693194117,0.0010422340295070805,0.305372,-0.104662,0.168578,0.251517,-0.095816,0.21705,0.300768,0.040013,0.142612,0.298406,0.198103,0.129525,0.231597,0.042795,0.173523,0.380926,0.197693,0.130666,0.378708,-0.107239,0.139744,0.380348,0.038988,0.127677,0.223806,0.197773,0.153095
0.21856896512061358,0.16690444805359844,0.13584595920312403,2.6227111886124588,1.0311491232312873,-2.6003255764822053,0.28443378608489034,-0.10170852314692735,0.1889900296368599,-2.264216276756941,0.38399004891543864,1.2580209148278518,0.300363,0.03865,0.13744,0.00026894639808592896,-0.0018438633187331606,0.0010262488862677838,0.305219,-0.104695,0.16818,0.251308,-0.095828,0.216585,0.300713,0.040013,0.142422,0.298392,0.198121,0.129556,0.231342,0.042729,0.172983,0.380917,0.197702,0.130685,0.378658,-0.107249,0.139622,0.380324,0.038997,0.127687,0.22363,0.197688,0.152913
